#-- Phi --#
-0.005368 -0.010736 -0.016051 -0.021258 -0.026300 -0.031115 -0.035638 -0.039801 -0.043531 -0.046755 -0.049399 -0.051391 -0.052667 -0.053173 -0.052870 -0.051737 -0.049775 -0.047006 -0.043475 -0.039244 -0.034394 -0.029018 -0.023216 -0.017096 -0.010768 -0.004342 0.002070 0.008360 0.014422 0.020154 0.025460 0.030249 0.034442 0.037971 0.040782 0.042839 0.044120 0.044626 0.044370 0.043383 0.041707 0.039396 0.036506 0.033101 0.029244 0.024998 0.020425 0.015582 0.010528 0.005316 0.000000 
-0.010736 -0.016210 -0.021683 -0.027101 -0.032402 -0.037522 -0.042391 -0.046932 -0.051062 -0.054695 -0.057742 -0.060115 -0.061734 -0.062528 -0.062448 -0.061463 -0.059573 -0.056803 -0.053206 -0.048858 -0.043855 -0.038306 -0.032328 -0.026040 -0.019562 -0.013013 -0.006506 -0.000148 0.005959 0.011718 0.017041 0.021850 0.026073 0.029653 0.032544 0.034715 0.036147 0.036840 0.036804 0.036063 0.034652 0.032614 0.029997 0.026854 0.023240 0.019210 0.014818 0.010118 0.005161 -0.000000 -0.005316 
-0.016051 -0.021683 -0.027371 -0.033059 -0.038685 -0.044182 -0.049473 -0.054473 -0.059090 -0.063220 -0.066756 -0.069591 -0.071620 -0.072754 -0.072925 -0.072091 -0.070247 -0.067423 -0.063684 -0.059125 -0.053861 -0.048023 -0.041748 -0.035172 -0.028429 -0.021643 -0.014932 -0.008404 -0.002158 0.003716 0.009138 0.014035 0.018348 0.022024 0.025027 0.027328 0.028914 0.029782 0.029942 0.029413 0.028224 0.026410 0.024013 0.021078 0.017652 0.013783 0.009519 0.004909 -0.000000 -0.005161 -0.010528 
-0.021258 -0.027101 -0.033059 -0.039078 -0.045097 -0.051046 -0.056844 -0.062398 -0.067601 -0.072334 -0.076467 -0.079864 -0.082392 -0.083932 -0.084392 -0.083713 -0.081885 -0.078945 -0.074972 -0.070087 -0.064435 -0.058173 -0.051466 -0.044472 -0.037337 -0.030198 -0.023175 -0.016378 -0.009902 -0.003832 0.001759 0.006806 0.011258 0.015070 0.018211 0.020657 0.022399 0.023433 0.023769 0.023423 0.022420 0.020790 0.018568 0.015794 0.012507 0.008751 0.004568 -0.000000 -0.004909 -0.010118 -0.015582 
-0.026300 -0.032402 -0.038685 -0.045097 -0.051579 -0.058061 -0.064459 -0.070671 -0.076578 -0.082040 -0.086899 -0.090984 -0.094123 -0.096157 -0.096958 -0.096445 -0.094599 -0.091464 -0.087145 -0.081797 -0.075602 -0.068760 -0.061467 -0.053908 -0.046248 -0.038634 -0.031193 -0.024031 -0.017241 -0.010901 -0.005078 0.000173 0.004807 0.008787 0.012088 0.014692 0.016590 0.017783 0.018278 0.018091 0.017243 0.015761 0.013676 0.011021 0.007832 0.004146 -0.000000 -0.004568 -0.009519 -0.014818 -0.020425 
-0.031115 -0.037522 -0.044182 -0.051046 -0.058061 -0.065159 -0.072254 -0.079240 -0.085985 -0.092325 -0.098067 -0.102997 -0.106889 -0.109529 -0.110740 -0.110409 -0.108504 -0.105081 -0.100279 -0.094299 -0.087381 -0.079774 -0.071720 -0.063436 -0.055110 -0.046898 -0.038929 -0.031311 -0.024129 -0.017453 -0.011342 -0.005842 -0.000991 0.003185 0.006663 0.009432 0.011487 0.012830 0.013469 0.013420 0.012701 0.011336 0.009353 0.006782 0.003653 -0.000000 -0.004146 -0.008751 -0.013783 -0.019210 -0.024998 
-0.035638 -0.042391 -0.049473 -0.056844 -0.064459 -0.072254 -0.080149 -0.088034 -0.095764 -0.103152 -0.109963 -0.115925 -0.120744 -0.124131 -0.125841 -0.125715 -0.123703 -0.119878 -0.114426 -0.107617 -0.099761 -0.091181 -0.082171 -0.072989 -0.063847 -0.054912 -0.046315 -0.038155 -0.030510 -0.023441 -0.016996 -0.011210 -0.006112 -0.001722 0.001947 0.004886 0.007096 0.008581 0.009350 0.009418 0.008804 0.007529 0.005619 0.003100 -0.000000 -0.003653 -0.007832 -0.012507 -0.017652 -0.023240 -0.029244 
-0.039801 -0.046932 -0.054473 -0.062398 -0.070671 -0.079240 -0.088034 -0.096944 -0.105816 -0.114436 -0.122524 -0.129735 -0.135684 -0.139984 -0.142300 -0.142408 -0.140235 -0.135877 -0.129585 -0.121717 -0.112684 -0.102897 -0.092723 -0.082464 -0.072359 -0.062581 -0.053258 -0.044481 -0.036315 -0.028806 -0.021989 -0.015889 -0.010524 -0.005906 -0.002041 0.001070 0.003430 0.005047 0.005931 0.006098 0.005567 0.004358 0.002494 -0.000000 -0.003100 -0.006782 -0.011021 -0.015794 -0.021078 -0.026854 -0.033101 
-0.043531 -0.051062 -0.059090 -0.067601 -0.076578 -0.085985 -0.095764 -0.105816 -0.115982 -0.126021 -0.135599 -0.144286 -0.151585 -0.156982 -0.160023 -0.160398 -0.158006 -0.152972 -0.145632 -0.136462 -0.126000 -0.114769 -0.103220 -0.091711 -0.080503 -0.069777 -0.059648 -0.050194 -0.041461 -0.033478 -0.026266 -0.019834 -0.014191 -0.009338 -0.005274 -0.001994 0.000508 0.002245 0.003229 0.003477 0.003007 0.001841 -0.000000 -0.002494 -0.005619 -0.009353 -0.013676 -0.018568 -0.024013 -0.029997 -0.036506 
-0.046755 -0.054695 -0.063220 -0.072334 -0.082040 -0.092325 -0.103152 -0.114436 -0.126021 -0.137641 -0.148904 -0.159281 -0.168139 -0.174807 -0.178687 -0.179363 -0.176694 -0.170846 -0.162258 -0.151554 -0.139426 -0.126532 -0.113424 -0.100517 -0.088097 -0.076341 -0.065351 -0.055180 -0.045854 -0.037380 -0.029760 -0.022991 -0.017067 -0.011980 -0.007722 -0.004282 -0.001648 0.000195 0.001262 0.001573 0.001145 -0.000000 -0.001841 -0.004358 -0.007529 -0.011336 -0.015761 -0.020790 -0.026410 -0.032614 -0.039396 
-0.049399 -0.057742 -0.066756 -0.076467 -0.086899 -0.098067 -0.109963 -0.122524 -0.135599 -0.148904 -0.161986 -0.174206 -0.184776 -0.192850 -0.197656 -0.198656 -0.195663 -0.188889 -0.178896 -0.166478 -0.152507 -0.137795 -0.123002 -0.108605 -0.094908 -0.082083 -0.070210 -0.059313 -0.049390 -0.040427 -0.032404 -0.025303 -0.019105 -0.013794 -0.009352 -0.005764 -0.003012 -0.001079 0.000054 0.000407 -0.000000 -0.001145 -0.003007 -0.005567 -0.008804 -0.012701 -0.017243 -0.022420 -0.028224 -0.034652 -0.041707 
-0.051391 -0.060115 -0.069591 -0.079864 -0.090984 -0.102997 -0.115925 -0.129735 -0.144286 -0.159281 -0.174206 -0.188310 -0.200644 -0.210168 -0.215931 -0.217258 -0.213914 -0.206159 -0.194690 -0.180485 -0.164607 -0.148029 -0.131525 -0.115629 -0.100664 -0.086789 -0.074055 -0.062456 -0.051962 -0.042531 -0.034126 -0.026711 -0.020257 -0.014737 -0.010129 -0.006409 -0.003558 -0.001554 -0.000375 -0.000000 -0.000407 -0.001573 -0.003477 -0.006098 -0.009418 -0.013420 -0.018091 -0.023423 -0.029413 -0.036063 -0.043383 
-0.052667 -0.061734 -0.071620 -0.082392 -0.094123 -0.106889 -0.120744 -0.135684 -0.151585 -0.168139 -0.184776 -0.200644 -0.214636 -0.225529 -0.232190 -0.233817 -0.230125 -0.221422 -0.208537 -0.192626 -0.174937 -0.156600 -0.138492 -0.121204 -0.105069 -0.090230 -0.076711 -0.064475 -0.053462 -0.043608 -0.034856 -0.027158 -0.020474 -0.014770 -0.010016 -0.006187 -0.003257 -0.001203 -0.000000 0.000375 -0.000054 -0.001262 -0.003229 -0.005931 -0.009350 -0.013469 -0.018278 -0.023769 -0.029942 -0.036804 -0.044370 
-0.053173 -0.062528 -0.072754 -0.083932 -0.096157 -0.109529 -0.124131 -0.139984 -0.156982 -0.174807 -0.192850 -0.210168 -0.225529 -0.237551 -0.244950 -0.246812 -0.242812 -0.233298 -0.219211 -0.201860 -0.182648 -0.162836 -0.143388 -0.124939 -0.107829 -0.092188 -0.078013 -0.065243 -0.053792 -0.043579 -0.034532 -0.026592 -0.019712 -0.013852 -0.008980 -0.005065 -0.002080 -0.000000 0.001203 0.001554 0.001079 -0.000195 -0.002245 -0.005047 -0.008581 -0.012830 -0.017783 -0.023433 -0.029782 -0.036840 -0.044626 
-0.052870 -0.062448 -0.072925 -0.084392 -0.096958 -0.110740 -0.125841 -0.142300 -0.160023 -0.178687 -0.197656 -0.215931 -0.232190 -0.244950 -0.252823 -0.254820 -0.250587 -0.240502 -0.225580 -0.207233 -0.186969 -0.166136 -0.145758 -0.126496 -0.108697 -0.092479 -0.077826 -0.064657 -0.052872 -0.042379 -0.033098 -0.024965 -0.017929 -0.011947 -0.006985 -0.003013 -0.000000 0.002080 0.003257 0.003558 0.003012 0.001648 -0.000508 -0.003430 -0.007096 -0.011487 -0.016590 -0.022399 -0.028914 -0.036147 -0.044120 
-0.051737 -0.061463 -0.072091 -0.083713 -0.096445 -0.110409 -0.125715 -0.142408 -0.160398 -0.179363 -0.198656 -0.217258 -0.233817 -0.246812 -0.254820 -0.256823 -0.252461 -0.242119 -0.226840 -0.208071 -0.187360 -0.166083 -0.145288 -0.125645 -0.107505 -0.090983 -0.076058 -0.062647 -0.050647 -0.039963 -0.030516 -0.022242 -0.015090 -0.009022 -0.004002 -0.000000 0.003013 0.005065 0.006187 0.006409 0.005764 0.004282 0.001994 -0.001070 -0.004886 -0.009432 -0.014692 -0.020657 -0.027328 -0.034715 -0.042839 
-0.049775 -0.059573 -0.070247 -0.081885 -0.094599 -0.108504 -0.123703 -0.140235 -0.158006 -0.176694 -0.195663 -0.213914 -0.230125 -0.242812 -0.250587 -0.252461 -0.248081 -0.237824 -0.222706 -0.204138 -0.183631 -0.162533 -0.141871 -0.122308 -0.104195 -0.087655 -0.072677 -0.059186 -0.047090 -0.036305 -0.026759 -0.018395 -0.011169 -0.005048 -0.000000 0.004002 0.006985 0.008980 0.010016 0.010129 0.009352 0.007722 0.005274 0.002041 -0.001947 -0.006663 -0.012088 -0.018211 -0.025027 -0.032544 -0.040782 
-0.047006 -0.056803 -0.067423 -0.078945 -0.091464 -0.105081 -0.119878 -0.135877 -0.152972 -0.170846 -0.188889 -0.206159 -0.221422 -0.233298 -0.240502 -0.242119 -0.237824 -0.227966 -0.213486 -0.195693 -0.175993 -0.155649 -0.135630 -0.116576 -0.098834 -0.082542 -0.067711 -0.054290 -0.042210 -0.031404 -0.021817 -0.013408 -0.006144 -0.000000 0.005048 0.009022 0.011947 0.013852 0.014770 0.014737 0.013794 0.011980 0.009338 0.005906 0.001722 -0.003185 -0.008787 -0.015070 -0.022024 -0.029653 -0.037971 
-0.043475 -0.053206 -0.063684 -0.074972 -0.087145 -0.100279 -0.114426 -0.129585 -0.145632 -0.162258 -0.178896 -0.194690 -0.208537 -0.219211 -0.225580 -0.226840 -0.222706 -0.213486 -0.200009 -0.183433 -0.165009 -0.145869 -0.126898 -0.108692 -0.091598 -0.075770 -0.061249 -0.048020 -0.036042 -0.025279 -0.015698 -0.007277 -0.000000 0.006144 0.011169 0.015090 0.017929 0.019712 0.020474 0.020257 0.019105 0.017067 0.014191 0.010524 0.006112 0.000991 -0.004807 -0.011258 -0.018348 -0.026073 -0.034442 
-0.039244 -0.048858 -0.059125 -0.070087 -0.081797 -0.094299 -0.107617 -0.121717 -0.136462 -0.151554 -0.166478 -0.180485 -0.192626 -0.201860 -0.207233 -0.208071 -0.204138 -0.195693 -0.183433 -0.168338 -0.151473 -0.133816 -0.116147 -0.099012 -0.082747 -0.067527 -0.053427 -0.040469 -0.028651 -0.017968 -0.008416 -0.000000 0.007277 0.013408 0.018395 0.022242 0.024965 0.026592 0.027158 0.026711 0.025303 0.022991 0.019834 0.015889 0.011210 0.005842 -0.000173 -0.006806 -0.014035 -0.021850 -0.030249 
-0.034394 -0.043855 -0.053861 -0.064435 -0.075602 -0.087381 -0.099761 -0.112684 -0.126000 -0.139426 -0.152507 -0.164607 -0.174937 -0.182648 -0.186969 -0.187360 -0.183631 -0.175993 -0.165009 -0.151473 -0.136260 -0.120184 -0.103916 -0.087943 -0.072587 -0.058040 -0.044410 -0.031757 -0.020117 -0.009522 -0.000000 0.008416 0.015698 0.021817 0.026759 0.030516 0.033098 0.034532 0.034856 0.034126 0.032404 0.029760 0.026266 0.021989 0.016996 0.011342 0.005078 -0.001759 -0.009138 -0.017041 -0.025460 
-0.029018 -0.038306 -0.048023 -0.058173 -0.068760 -0.079774 -0.091181 -0.102897 -0.114769 -0.126532 -0.137795 -0.148029 -0.156600 -0.162836 -0.166136 -0.166083 -0.162533 -0.155649 -0.145869 -0.133816 -0.120184 -0.105636 -0.090730 -0.075895 -0.061435 -0.047551 -0.034380 -0.022016 -0.010534 -0.000000 0.009522 0.017968 0.025279 0.031404 0.036305 0.039963 0.042379 0.043579 0.043608 0.042531 0.040427 0.037380 0.033478 0.028806 0.023441 0.017453 0.010901 0.003832 -0.003716 -0.011718 -0.020154 
-0.023216 -0.032328 -0.041748 -0.051466 -0.061467 -0.071720 -0.082171 -0.092723 -0.103220 -0.113424 -0.123002 -0.131525 -0.138492 -0.143388 -0.145758 -0.145288 -0.141871 -0.135630 -0.126898 -0.116147 -0.103916 -0.090730 -0.077049 -0.063241 -0.049587 -0.036294 -0.023519 -0.011385 -0.000000 0.010534 0.020117 0.028651 0.036042 0.042210 0.047090 0.050647 0.052872 0.053792 0.053462 0.051962 0.049390 0.045854 0.041461 0.036315 0.030510 0.024129 0.017241 0.009902 0.002158 -0.005959 -0.014422 
-0.017096 -0.026040 -0.035172 -0.044472 -0.053908 -0.063436 -0.072989 -0.082464 -0.091711 -0.100517 -0.108605 -0.115629 -0.121204 -0.124939 -0.126496 -0.125645 -0.122308 -0.116576 -0.108692 -0.099012 -0.087943 -0.075895 -0.063241 -0.050293 -0.037307 -0.024488 -0.012003 -0.000000 0.011385 0.022016 0.031757 0.040469 0.048020 0.054290 0.059186 0.062647 0.064657 0.065243 0.064475 0.062456 0.059313 0.055180 0.050194 0.044481 0.038155 0.031311 0.024031 0.016378 0.008404 0.000148 -0.008360 
-0.010768 -0.019562 -0.028429 -0.037337 -0.046248 -0.055110 -0.063847 -0.072359 -0.080503 -0.088097 -0.094908 -0.100664 -0.105069 -0.107829 -0.108697 -0.107505 -0.104195 -0.098834 -0.091598 -0.082747 -0.072587 -0.061435 -0.049587 -0.037307 -0.024823 -0.012330 -0.000000 0.012003 0.023519 0.034380 0.044410 0.053427 0.061249 0.067711 0.072677 0.076058 0.077826 0.078013 0.076711 0.074055 0.070210 0.065351 0.059648 0.053258 0.046315 0.038929 0.031193 0.023175 0.014932 0.006506 -0.002070 
-0.004342 -0.013013 -0.021643 -0.030198 -0.038634 -0.046898 -0.054912 -0.062581 -0.069777 -0.076341 -0.082083 -0.086789 -0.090230 -0.092188 -0.092479 -0.090983 -0.087655 -0.082542 -0.075770 -0.067527 -0.058040 -0.047551 -0.036294 -0.024488 -0.012330 -0.000000 0.012330 0.024488 0.036294 0.047551 0.058040 0.067527 0.075770 0.082542 0.087655 0.090983 0.092479 0.092188 0.090230 0.086789 0.082083 0.076341 0.069777 0.062581 0.054912 0.046898 0.038634 0.030198 0.021643 0.013013 0.004342 
0.002070 -0.006506 -0.014932 -0.023175 -0.031193 -0.038929 -0.046315 -0.053258 -0.059648 -0.065351 -0.070210 -0.074055 -0.076711 -0.078013 -0.077826 -0.076058 -0.072677 -0.067711 -0.061249 -0.053427 -0.044410 -0.034380 -0.023519 -0.012003 -0.000000 0.012330 0.024823 0.037307 0.049587 0.061435 0.072587 0.082747 0.091598 0.098834 0.104195 0.107505 0.108697 0.107829 0.105069 0.100664 0.094908 0.088097 0.080503 0.072359 0.063847 0.055110 0.046248 0.037337 0.028429 0.019562 0.010768 
0.008360 -0.000148 -0.008404 -0.016378 -0.024031 -0.031311 -0.038155 -0.044481 -0.050194 -0.055180 -0.059313 -0.062456 -0.064475 -0.065243 -0.064657 -0.062647 -0.059186 -0.054290 -0.048020 -0.040469 -0.031757 -0.022016 -0.011385 -0.000000 0.012003 0.024488 0.037307 0.050293 0.063241 0.075895 0.087943 0.099012 0.108692 0.116576 0.122308 0.125645 0.126496 0.124939 0.121204 0.115629 0.108605 0.100517 0.091711 0.082464 0.072989 0.063436 0.053908 0.044472 0.035172 0.026040 0.017096 
0.014422 0.005959 -0.002158 -0.009902 -0.017241 -0.024129 -0.030510 -0.036315 -0.041461 -0.045854 -0.049390 -0.051962 -0.053462 -0.053792 -0.052872 -0.050647 -0.047090 -0.042210 -0.036042 -0.028651 -0.020117 -0.010534 -0.000000 0.011385 0.023519 0.036294 0.049587 0.063241 0.077049 0.090730 0.103916 0.116147 0.126898 0.135630 0.141871 0.145288 0.145758 0.143388 0.138492 0.131525 0.123002 0.113424 0.103220 0.092723 0.082171 0.071720 0.061467 0.051466 0.041748 0.032328 0.023216 
0.020154 0.011718 0.003716 -0.003832 -0.010901 -0.017453 -0.023441 -0.028806 -0.033478 -0.037380 -0.040427 -0.042531 -0.043608 -0.043579 -0.042379 -0.039963 -0.036305 -0.031404 -0.025279 -0.017968 -0.009522 -0.000000 0.010534 0.022016 0.034380 0.047551 0.061435 0.075895 0.090730 0.105636 0.120184 0.133816 0.145869 0.155649 0.162533 0.166083 0.166136 0.162836 0.156600 0.148029 0.137795 0.126532 0.114769 0.102897 0.091181 0.079774 0.068760 0.058173 0.048023 0.038306 0.029018 
0.025460 0.017041 0.009138 0.001759 -0.005078 -0.011342 -0.016996 -0.021989 -0.026266 -0.029760 -0.032404 -0.034126 -0.034856 -0.034532 -0.033098 -0.030516 -0.026759 -0.021817 -0.015698 -0.008416 -0.000000 0.009522 0.020117 0.031757 0.044410 0.058040 0.072587 0.087943 0.103916 0.120184 0.136260 0.151473 0.165009 0.175993 0.183631 0.187360 0.186969 0.182648 0.174937 0.164607 0.152507 0.139426 0.126000 0.112684 0.099761 0.087381 0.075602 0.064435 0.053861 0.043855 0.034394 
0.030249 0.021850 0.014035 0.006806 0.000173 -0.005842 -0.011210 -0.015889 -0.019834 -0.022991 -0.025303 -0.026711 -0.027158 -0.026592 -0.024965 -0.022242 -0.018395 -0.013408 -0.007277 -0.000000 0.008416 0.017968 0.028651 0.040469 0.053427 0.067527 0.082747 0.099012 0.116147 0.133816 0.151473 0.168338 0.183433 0.195693 0.204138 0.208071 0.207233 0.201860 0.192626 0.180485 0.166478 0.151554 0.136462 0.121717 0.107617 0.094299 0.081797 0.070087 0.059125 0.048858 0.039244 
0.034442 0.026073 0.018348 0.011258 0.004807 -0.000991 -0.006112 -0.010524 -0.014191 -0.017067 -0.019105 -0.020257 -0.020474 -0.019712 -0.017929 -0.015090 -0.011169 -0.006144 -0.000000 0.007277 0.015698 0.025279 0.036042 0.048020 0.061249 0.075770 0.091598 0.108692 0.126898 0.145869 0.165009 0.183433 0.200009 0.213486 0.222706 0.226840 0.225580 0.219211 0.208537 0.194690 0.178896 0.162258 0.145632 0.129585 0.114426 0.100279 0.087145 0.074972 0.063684 0.053206 0.043475 
0.037971 0.029653 0.022024 0.015070 0.008787 0.003185 -0.001722 -0.005906 -0.009338 -0.011980 -0.013794 -0.014737 -0.014770 -0.013852 -0.011947 -0.009022 -0.005048 -0.000000 0.006144 0.013408 0.021817 0.031404 0.042210 0.054290 0.067711 0.082542 0.098834 0.116576 0.135630 0.155649 0.175993 0.195693 0.213486 0.227966 0.237824 0.242119 0.240502 0.233298 0.221422 0.206159 0.188889 0.170846 0.152972 0.135877 0.119878 0.105081 0.091464 0.078945 0.067423 0.056803 0.047006 
0.040782 0.032544 0.025027 0.018211 0.012088 0.006663 0.001947 -0.002041 -0.005274 -0.007722 -0.009352 -0.010129 -0.010016 -0.008980 -0.006985 -0.004002 -0.000000 0.005048 0.011169 0.018395 0.026759 0.036305 0.047090 0.059186 0.072677 0.087655 0.104195 0.122308 0.141871 0.162533 0.183631 0.204138 0.222706 0.237824 0.248081 0.252461 0.250587 0.242812 0.230125 0.213914 0.195663 0.176694 0.158006 0.140235 0.123703 0.108504 0.094599 0.081885 0.070247 0.059573 0.049775 
0.042839 0.034715 0.027328 0.020657 0.014692 0.009432 0.004886 0.001070 -0.001994 -0.004282 -0.005764 -0.006409 -0.006187 -0.005065 -0.003013 -0.000000 0.004002 0.009022 0.015090 0.022242 0.030516 0.039963 0.050647 0.062647 0.076058 0.090983 0.107505 0.125645 0.145288 0.166083 0.187360 0.208071 0.226840 0.242119 0.252461 0.256823 0.254820 0.246812 0.233817 0.217258 0.198656 0.179363 0.160398 0.142408 0.125715 0.110409 0.096445 0.083713 0.072091 0.061463 0.051737 
0.044120 0.036147 0.028914 0.022399 0.016590 0.011487 0.007096 0.003430 0.000508 -0.001648 -0.003012 -0.003558 -0.003257 -0.002080 -0.000000 0.003013 0.006985 0.011947 0.017929 0.024965 0.033098 0.042379 0.052872 0.064657 0.077826 0.092479 0.108697 0.126496 0.145758 0.166136 0.186969 0.207233 0.225580 0.240502 0.250587 0.254820 0.252823 0.244950 0.232190 0.215931 0.197656 0.178687 0.160023 0.142300 0.125841 0.110740 0.096958 0.084392 0.072925 0.062448 0.052870 
0.044626 0.036840 0.029782 0.023433 0.017783 0.012830 0.008581 0.005047 0.002245 0.000195 -0.001079 -0.001554 -0.001203 -0.000000 0.002080 0.005065 0.008980 0.013852 0.019712 0.026592 0.034532 0.043579 0.053792 0.065243 0.078013 0.092188 0.107829 0.124939 0.143388 0.162836 0.182648 0.201860 0.219211 0.233298 0.242812 0.246812 0.244950 0.237551 0.225529 0.210168 0.192850 0.174807 0.156982 0.139984 0.124131 0.109529 0.096157 0.083932 0.072754 0.062528 0.053173 
0.044370 0.036804 0.029942 0.023769 0.018278 0.013469 0.009350 0.005931 0.003229 0.001262 0.000054 -0.000375 -0.000000 0.001203 0.003257 0.006187 0.010016 0.014770 0.020474 0.027158 0.034856 0.043608 0.053462 0.064475 0.076711 0.090230 0.105069 0.121204 0.138492 0.156600 0.174937 0.192626 0.208537 0.221422 0.230125 0.233817 0.232190 0.225529 0.214636 0.200644 0.184776 0.168139 0.151585 0.135684 0.120744 0.106889 0.094123 0.082392 0.071620 0.061734 0.052667 
0.043383 0.036063 0.029413 0.023423 0.018091 0.013420 0.009418 0.006098 0.003477 0.001573 0.000407 -0.000000 0.000375 0.001554 0.003558 0.006409 0.010129 0.014737 0.020257 0.026711 0.034126 0.042531 0.051962 0.062456 0.074055 0.086789 0.100664 0.115629 0.131525 0.148029 0.164607 0.180485 0.194690 0.206159 0.213914 0.217258 0.215931 0.210168 0.200644 0.188310 0.174206 0.159281 0.144286 0.129735 0.115925 0.102997 0.090984 0.079864 0.069591 0.060115 0.051391 
0.041707 0.034652 0.028224 0.022420 0.017243 0.012701 0.008804 0.005567 0.003007 0.001145 -0.000000 -0.000407 -0.000054 0.001079 0.003012 0.005764 0.009352 0.013794 0.019105 0.025303 0.032404 0.040427 0.049390 0.059313 0.070210 0.082083 0.094908 0.108605 0.123002 0.137795 0.152507 0.166478 0.178896 0.188889 0.195663 0.198656 0.197656 0.192850 0.184776 0.174206 0.161986 0.148904 0.135599 0.122524 0.109963 0.098067 0.086899 0.076467 0.066756 0.057742 0.049399 
0.039396 0.032614 0.026410 0.020790 0.015761 0.011336 0.007529 0.004358 0.001841 -0.000000 -0.001145 -0.001573 -0.001262 -0.000195 0.001648 0.004282 0.007722 0.011980 0.017067 0.022991 0.029760 0.037380 0.045854 0.055180 0.065351 0.076341 0.088097 0.100517 0.113424 0.126532 0.139426 0.151554 0.162258 0.170846 0.176694 0.179363 0.178687 0.174807 0.168139 0.159281 0.148904 0.137641 0.126021 0.114436 0.103152 0.092325 0.082040 0.072334 0.063220 0.054695 0.046755 
0.036506 0.029997 0.024013 0.018568 0.013676 0.009353 0.005619 0.002494 -0.000000 -0.001841 -0.003007 -0.003477 -0.003229 -0.002245 -0.000508 0.001994 0.005274 0.009338 0.014191 0.019834 0.026266 0.033478 0.041461 0.050194 0.059648 0.069777 0.080503 0.091711 0.103220 0.114769 0.126000 0.136462 0.145632 0.152972 0.158006 0.160398 0.160023 0.156982 0.151585 0.144286 0.135599 0.126021 0.115982 0.105816 0.095764 0.085985 0.076578 0.067601 0.059090 0.051062 0.043531 
0.033101 0.026854 0.021078 0.015794 0.011021 0.006782 0.003100 -0.000000 -0.002494 -0.004358 -0.005567 -0.006098 -0.005931 -0.005047 -0.003430 -0.001070 0.002041 0.005906 0.010524 0.015889 0.021989 0.028806 0.036315 0.044481 0.053258 0.062581 0.072359 0.082464 0.092723 0.102897 0.112684 0.121717 0.129585 0.135877 0.140235 0.142408 0.142300 0.139984 0.135684 0.129735 0.122524 0.114436 0.105816 0.096944 0.088034 0.079240 0.070671 0.062398 0.054473 0.046932 0.039801 
0.029244 0.023240 0.017652 0.012507 0.007832 0.003653 -0.000000 -0.003100 -0.005619 -0.007529 -0.008804 -0.009418 -0.009350 -0.008581 -0.007096 -0.004886 -0.001947 0.001722 0.006112 0.011210 0.016996 0.023441 0.030510 0.038155 0.046315 0.054912 0.063847 0.072989 0.082171 0.091181 0.099761 0.107617 0.114426 0.119878 0.123703 0.125715 0.125841 0.124131 0.120744 0.115925 0.109963 0.103152 0.095764 0.088034 0.080149 0.072254 0.064459 0.056844 0.049473 0.042391 0.035638 
0.024998 0.019210 0.013783 0.008751 0.004146 -0.000000 -0.003653 -0.006782 -0.009353 -0.011336 -0.012701 -0.013420 -0.013469 -0.012830 -0.011487 -0.009432 -0.006663 -0.003185 0.000991 0.005842 0.011342 0.017453 0.024129 0.031311 0.038929 0.046898 0.055110 0.063436 0.071720 0.079774 0.087381 0.094299 0.100279 0.105081 0.108504 0.110409 0.110740 0.109529 0.106889 0.102997 0.098067 0.092325 0.085985 0.079240 0.072254 0.065159 0.058061 0.051046 0.044182 0.037522 0.031115 
0.020425 0.014818 0.009519 0.004568 -0.000000 -0.004146 -0.007832 -0.011021 -0.013676 -0.015761 -0.017243 -0.018091 -0.018278 -0.017783 -0.016590 -0.014692 -0.012088 -0.008787 -0.004807 -0.000173 0.005078 0.010901 0.017241 0.024031 0.031193 0.038634 0.046248 0.053908 0.061467 0.068760 0.075602 0.081797 0.087145 0.091464 0.094599 0.096445 0.096958 0.096157 0.094123 0.090984 0.086899 0.082040 0.076578 0.070671 0.064459 0.058061 0.051579 0.045097 0.038685 0.032402 0.026300 
0.015582 0.010118 0.004909 -0.000000 -0.004568 -0.008751 -0.012507 -0.015794 -0.018568 -0.020790 -0.022420 -0.023423 -0.023769 -0.023433 -0.022399 -0.020657 -0.018211 -0.015070 -0.011258 -0.006806 -0.001759 0.003832 0.009902 0.016378 0.023175 0.030198 0.037337 0.044472 0.051466 0.058173 0.064435 0.070087 0.074972 0.078945 0.081885 0.083713 0.084392 0.083932 0.082392 0.079864 0.076467 0.072334 0.067601 0.062398 0.056844 0.051046 0.045097 0.039078 0.033059 0.027101 0.021258 
0.010528 0.005161 -0.000000 -0.004909 -0.009519 -0.013783 -0.017652 -0.021078 -0.024013 -0.026410 -0.028224 -0.029413 -0.029942 -0.029782 -0.028914 -0.027328 -0.025027 -0.022024 -0.018348 -0.014035 -0.009138 -0.003716 0.002158 0.008404 0.014932 0.021643 0.028429 0.035172 0.041748 0.048023 0.053861 0.059125 0.063684 0.067423 0.070247 0.072091 0.072925 0.072754 0.071620 0.069591 0.066756 0.063220 0.059090 0.054473 0.049473 0.044182 0.038685 0.033059 0.027371 0.021683 0.016051 
0.005316 -0.000000 -0.005161 -0.010118 -0.014818 -0.019210 -0.023240 -0.026854 -0.029997 -0.032614 -0.034652 -0.036063 -0.036804 -0.036840 -0.036147 -0.034715 -0.032544 -0.029653 -0.026073 -0.021850 -0.017041 -0.011718 -0.005959 0.000148 0.006506 0.013013 0.019562 0.026040 0.032328 0.038306 0.043855 0.048858 0.053206 0.056803 0.059573 0.061463 0.062448 0.062528 0.061734 0.060115 0.057742 0.054695 0.051062 0.046932 0.042391 0.037522 0.032402 0.027101 0.021683 0.016210 0.010736 
-0.000000 -0.005316 -0.010528 -0.015582 -0.020425 -0.024998 -0.029244 -0.033101 -0.036506 -0.039396 -0.041707 -0.043383 -0.044370 -0.044626 -0.044120 -0.042839 -0.040782 -0.037971 -0.034442 -0.030249 -0.025460 -0.020154 -0.014422 -0.008360 -0.002070 0.004342 0.010768 0.017096 0.023216 0.029018 0.034394 0.039244 0.043475 0.047006 0.049775 0.051737 0.052870 0.053173 0.052667 0.051391 0.049399 0.046755 0.043531 0.039801 0.035638 0.031115 0.026300 0.021258 0.016051 0.010736 0.005368 
