# Iterations: 1710
#-- Ex --#
-0.267600 -0.271535 -0.278077 -0.287152 -0.298626 -0.312293 -0.327864 -0.344957 -0.363089 -0.381676 -0.400051 -0.417495 -0.433284 -0.446755 -0.457377 -0.464814 -0.468968 -0.469997 -0.468290 -0.464423 -0.459082 -0.452988 -0.446825 -0.441181 -0.436504 -0.433082 -0.431027 -0.430282 -0.430625 -0.431696 -0.433022 -0.434059 -0.434237 -0.433022 -0.429965 -0.424758 -0.417263 -0.407528 -0.395782 -0.382401 -0.367870 -0.352732 -0.337547 -0.322851 -0.309131 -0.296810 -0.286242 -0.277713 -0.271444 -0.267600 -0.266297 
-0.266286 -0.272874 -0.282190 -0.294205 -0.308828 -0.325881 -0.345082 -0.366027 -0.388169 -0.410813 -0.433130 -0.454189 -0.473027 -0.488736 -0.500570 -0.508040 -0.510989 -0.509612 -0.504429 -0.496208 -0.485860 -0.474331 -0.462502 -0.451115 -0.440734 -0.431723 -0.424251 -0.418302 -0.413704 -0.410153 -0.407251 -0.404544 -0.401562 -0.397866 -0.393088 -0.386963 -0.379361 -0.370292 -0.359900 -0.348449 -0.336292 -0.323839 -0.311525 -0.299779 -0.289010 -0.279586 -0.271832 -0.266025 -0.262397 -0.261138 -0.262397 
-0.262282 -0.271498 -0.283614 -0.298663 -0.316610 -0.337326 -0.360556 -0.385887 -0.412712 -0.440212 -0.467357 -0.492944 -0.515682 -0.534325 -0.547820 -0.555469 -0.557030 -0.552765 -0.543388 -0.529957 -0.513711 -0.495910 -0.477701 -0.460029 -0.443592 -0.428833 -0.415961 -0.404984 -0.395747 -0.387971 -0.381296 -0.375315 -0.369614 -0.363806 -0.357568 -0.350658 -0.342940 -0.334390 -0.325089 -0.315215 -0.305023 -0.294820 -0.284944 -0.275742 -0.267555 -0.260704 -0.255486 -0.252170 -0.250994 -0.252170 -0.255881 
-0.255477 -0.267234 -0.282115 -0.300230 -0.321627 -0.346252 -0.373907 -0.404196 -0.436468 -0.469771 -0.502831 -0.534095 -0.561833 -0.584323 -0.600087 -0.608119 -0.608067 -0.600292 -0.585801 -0.566071 -0.542805 -0.517699 -0.492251 -0.467653 -0.444750 -0.424051 -0.405780 -0.389934 -0.376338 -0.364701 -0.354660 -0.345818 -0.337783 -0.330190 -0.322731 -0.315171 -0.307363 -0.299250 -0.290862 -0.282311 -0.273777 -0.265486 -0.257702 -0.250703 -0.244775 -0.240201 -0.237251 -0.236186 -0.237251 -0.240678 -0.246686 
-0.245715 -0.259858 -0.277390 -0.298521 -0.323411 -0.352120 -0.384550 -0.420366 -0.458902 -0.499073 -0.539323 -0.577651 -0.611743 -0.639230 -0.658032 -0.666717 -0.664774 -0.652715 -0.631967 -0.604600 -0.572962 -0.539332 -0.505659 -0.473428 -0.443629 -0.416812 -0.393170 -0.372639 -0.354980 -0.339846 -0.326834 -0.315526 -0.305520 -0.296450 -0.288005 -0.279945 -0.272104 -0.264395 -0.256808 -0.249403 -0.242298 -0.235658 -0.229684 -0.224603 -0.220654 -0.218083 -0.217143 -0.218083 -0.221157 -0.226617 -0.234718 
-0.232815 -0.249103 -0.269069 -0.293049 -0.321348 -0.354188 -0.391629 -0.433454 -0.479032 -0.527163 -0.575972 -0.622909 -0.664902 -0.698719 -0.721466 -0.731125 -0.726971 -0.709724 -0.681394 -0.644864 -0.603345 -0.559873 -0.516957 -0.476408 -0.439350 -0.406319 -0.377421 -0.352468 -0.331102 -0.312876 -0.297313 -0.283943 -0.272333 -0.262095 -0.252906 -0.244510 -0.236722 -0.229428 -0.222584 -0.216206 -0.210363 -0.205173 -0.200786 -0.197382 -0.195163 -0.194347 -0.195163 -0.197858 -0.202687 -0.209926 -0.219865 
-0.216586 -0.234676 -0.256732 -0.283237 -0.314676 -0.351483 -0.393942 -0.442031 -0.495218 -0.552226 -0.610844 -0.667872 -0.719305 -0.760810 -0.788438 -0.799407 -0.792710 -0.769346 -0.732091 -0.684881 -0.632029 -0.577512 -0.524495 -0.475139 -0.430662 -0.391522 -0.357656 -0.328688 -0.304082 -0.283249 -0.265606 -0.250611 -0.237781 -0.226701 -0.217024 -0.208476 -0.200855 -0.194022 -0.187904 -0.182481 -0.177786 -0.173893 -0.170913 -0.168986 -0.168281 -0.168986 -0.171316 -0.175506 -0.181818 -0.190544 -0.202011 
-0.196847 -0.216283 -0.239933 -0.268439 -0.302495 -0.342791 -0.389898 -0.444067 -0.504945 -0.571239 -0.640408 -0.708538 -0.770543 -0.820785 -0.854039 -0.866588 -0.857083 -0.826868 -0.779652 -0.720647 -0.655479 -0.589212 -0.525734 -0.467549 -0.415909 -0.371114 -0.332854 -0.300495 -0.273277 -0.250434 -0.231258 -0.215122 -0.201490 -0.189911 -0.180020 -0.171526 -0.164208 -0.157911 -0.152536 -0.148038 -0.144416 -0.141710 -0.139995 -0.139378 -0.139995 -0.142010 -0.145617 -0.151041 -0.158544 -0.168430 -0.181058 
-0.173463 -0.193671 -0.218250 -0.247997 -0.283825 -0.326704 -0.377533 -0.436899 -0.504705 -0.579714 -0.659109 -0.738267 -0.810970 -0.870170 -0.909249 -0.923461 -0.911073 -0.873813 -0.816424 -0.745516 -0.668126 -0.590461 -0.517127 -0.450920 -0.393051 -0.343586 -0.301904 -0.267067 -0.238065 -0.213946 -0.193872 -0.177135 -0.163151 -0.151442 -0.141627 -0.133406 -0.126547 -0.120884 -0.116300 -0.112726 -0.110137 -0.108543 -0.107986 -0.108543 -0.110318 -0.113450 -0.118109 -0.124504 -0.132892 -0.143582 -0.156953 
-0.146383 -0.166675 -0.191344 -0.221320 -0.257707 -0.301741 -0.354648 -0.417368 -0.490110 -0.571772 -0.659361 -0.747667 -0.829458 -0.896384 -0.940517 -0.956128 -0.941124 -0.897597 -0.831274 -0.750080 -0.662363 -0.575348 -0.494243 -0.422030 -0.359806 -0.307350 -0.263712 -0.227650 -0.197919 -0.173399 -0.153149 -0.136401 -0.122542 -0.111085 -0.101647 -0.093928 -0.087698 -0.082784 -0.079058 -0.076437 -0.074871 -0.074344 -0.074871 -0.076495 -0.079292 -0.083368 -0.088869 -0.095982 -0.104945 -0.116061 -0.129712 
-0.115677 -0.135277 -0.159053 -0.188009 -0.223378 -0.266587 -0.319123 -0.382233 -0.456422 -0.540786 -0.632318 -0.725483 -0.812398 -0.883818 -0.930882 -0.947153 -0.930274 -0.882604 -0.810582 -0.723070 -0.629316 -0.537210 -0.452291 -0.377571 -0.313966 -0.260979 -0.217375 -0.181681 -0.152482 -0.128559 -0.108919 -0.092780 -0.079535 -0.068714 -0.059952 -0.052967 -0.047539 -0.043499 -0.040717 -0.039096 -0.038569 -0.039096 -0.040662 -0.043280 -0.046990 -0.051868 -0.058023 -0.065613 -0.074848 -0.086008 -0.099458 
-0.081580 -0.099671 -0.121478 -0.147996 -0.180480 -0.220416 -0.269409 -0.328877 -0.399545 -0.480738 -0.569641 -0.660818 -0.746353 -0.816851 -0.863240 -0.878905 -0.861417 -0.813207 -0.740899 -0.653570 -0.560624 -0.469991 -0.387123 -0.314856 -0.253892 -0.203536 -0.162402 -0.128929 -0.101666 -0.079402 -0.061179 -0.046266 -0.034108 -0.024287 -0.016483 -0.010451 -0.005995 -0.002960 -0.001218 -0.000665 -0.001218 -0.002812 -0.005405 -0.008974 -0.013525 -0.019092 -0.025746 -0.033603 -0.042831 -0.053668 -0.066439 
-0.044524 -0.060310 -0.079071 -0.101691 -0.129300 -0.163270 -0.205110 -0.256207 -0.317357 -0.388110 -0.466074 -0.546444 -0.622106 -0.684538 -0.725465 -0.738834 -0.722421 -0.678454 -0.612998 -0.534335 -0.451003 -0.370137 -0.296568 -0.232726 -0.179100 -0.134948 -0.098942 -0.069637 -0.045731 -0.026163 -0.010119 0.003006 0.013656 0.022157 0.028754 0.033639 0.036967 0.038870 0.039469 0.038870 0.037174 0.034467 0.030827 0.026310 0.020954 0.014769 0.007731 -0.000223 -0.009207 -0.019397 -0.031050 
-0.005145 -0.017932 -0.032687 -0.050070 -0.070941 -0.096359 -0.127505 -0.165492 -0.211000 -0.263771 -0.322060 -0.382255 -0.438947 -0.485614 -0.515900 -0.525143 -0.511629 -0.477078 -0.426161 -0.365246 -0.300875 -0.238485 -0.181724 -0.132385 -0.090786 -0.056321 -0.027962 -0.004620 0.014661 0.030639 0.043872 0.054757 0.063569 0.070504 0.075704 0.079286 0.081352 0.082006 0.081352 0.079503 0.076574 0.072681 0.067934 0.062433 0.056262 0.049482 0.042125 0.034187 0.025623 0.016335 0.006162 
0.035726 0.026447 0.016423 0.005303 -0.007373 -0.022183 -0.039779 -0.060781 -0.085583 -0.114072 -0.145327 -0.177407 -0.207381 -0.231703 -0.246909 -0.250455 -0.241405 -0.220699 -0.190889 -0.155452 -0.117955 -0.081362 -0.047658 -0.017827 0.007942 0.029948 0.048699 0.064722 0.078455 0.090220 0.100223 0.108583 0.115362 0.120587 0.124274 0.126449 0.127152 0.126449 0.124432 0.121217 0.116941 0.111750 0.105796 0.099228 0.092181 0.084774 0.077100 0.069224 0.061178 0.052956 0.044506 
0.077103 0.071595 0.066684 0.062385 0.058704 0.055643 0.053199 0.051371 0.050155 0.049547 0.049547 0.050155 0.051371 0.053199 0.055642 0.058704 0.062385 0.066684 0.071595 0.077103 0.083185 0.089806 0.096912 0.104433 0.112279 0.120335 0.128463 0.136504 0.144276 0.151583 0.158224 0.163996 0.168712 0.172209 0.174360 0.175086 0.174360 0.172209 0.168712 0.163996 0.158224 0.151583 0.144276 0.136504 0.128463 0.120335 0.112279 0.104433 0.096912 0.089806 0.083186 
0.117910 0.116148 0.116338 0.118852 0.124165 0.132854 0.145567 0.162916 0.185287 0.212563 0.243818 0.277111 0.309516 0.337491 0.357580 0.367247 0.365560 0.353459 0.333484 0.309087 0.283792 0.260491 0.241070 0.226374 0.216410 0.210654 0.208320 0.208558 0.210564 0.213618 0.217098 0.220470 0.223285 0.225180 0.225875 0.225180 0.222997 0.219318 0.214215 0.207836 0.200380 0.192088 0.183223 0.174052 0.164837 0.155828 0.147252 0.139323 0.132234 0.126174 0.121331 
0.157059 0.158737 0.163618 0.172379 0.185884 0.205186 0.231460 0.265805 0.308891 0.360453 0.418742 0.480146 0.539259 0.589569 0.624727 0.640085 0.633937 0.608009 0.566965 0.517160 0.465096 0.416151 0.373880 0.339948 0.314497 0.296694 0.285236 0.278702 0.275754 0.275215 0.276079 0.277503 0.278784 0.279356 0.278784 0.276767 0.273136 0.267854 0.261001 0.252756 0.243377 0.233173 0.222482 0.211649 0.201012 0.190891 0.181586 0.173376 0.166534 0.161330 0.158059 
0.193524 0.198097 0.206928 0.220904 0.241149 0.269019 0.306008 0.353484 0.412229 0.481782 0.559746 0.641316 0.719383 0.785435 0.831215 0.850683 0.841634 0.806311 0.750785 0.683335 0.612477 0.545301 0.486562 0.438573 0.401661 0.374863 0.356573 0.345003 0.338446 0.335381 0.334497 0.334680 0.334996 0.334680 0.333143 0.329970 0.324930 0.317967 0.309183 0.298816 0.287204 0.274750 0.261888 0.249057 0.236678 0.225146 0.214829 0.206070 0.199201 0.194561 0.192524 
0.226413 0.233166 0.244982 0.262843 0.287978 0.321848 0.366028 0.421911 0.490201 0.570209 0.659112 0.751474 0.839386 0.913469 0.964672 0.986403 0.976263 0.936711 0.874393 0.798403 0.718143 0.641522 0.573938 0.518135 0.474669 0.442638 0.420380 0.405974 0.397532 0.393330 0.391839 0.391725 0.391839 0.391226 0.389134 0.385038 0.378646 0.369899 0.358949 0.346124 0.331878 0.316740 0.301271 0.286019 0.271503 0.258195 0.246523 0.236882 0.229646 0.225199 0.223958 
0.255002 0.263139 0.276878 0.297186 0.325251 0.362455 0.410242 0.469823 0.541677 0.624878 0.716409 0.810737 0.899988 0.974936 1.026749 1.049026 1.039452 1.000429 0.938443 0.862395 0.781562 0.703842 0.634755 0.577254 0.532138 0.498727 0.475513 0.460655 0.452260 0.448526 0.447787 0.448526 0.449392 0.449226 0.447104 0.442375 0.434691 0.424012 0.410574 0.394842 0.377438 0.359064 0.340440 0.322253 0.305128 0.289615 0.276195 0.265296 0.257312 0.252640 0.251703 
0.278751 0.287482 0.302109 0.323492 0.352664 0.390794 0.439052 0.498329 0.568797 0.649328 0.736917 0.826353 0.910418 0.980788 1.029570 1.051084 1.043296 1.008362 0.952081 0.882448 0.807875 0.735641 0.670976 0.616852 0.574293 0.542932 0.521566 0.508582 0.502214 0.500675 0.502214 0.505148 0.507907 0.509097 0.507582 0.502563 0.493633 0.480795 0.464423 0.445183 0.423936 0.401620 0.379165 0.357426 0.337146 0.318950 0.303357 0.290804 0.281678 0.276353 0.275225 
0.297296 0.305911 0.320512 0.341791 0.370558 0.407694 0.454023 0.510067 0.575686 0.649609 0.729004 0.809248 0.884139 0.946659 0.990239 1.010193 1.004867 0.976076 0.928664 0.869348 0.805277 0.742760 0.686488 0.639309 0.602429 0.575823 0.558664 0.549651 0.547219 0.549651 0.555126 0.561779 0.567770 0.571402 0.571258 0.566341 0.556178 0.540843 0.520919 0.497370 0.471392 0.444247 0.417140 0.391126 0.367078 0.345687 0.327486 0.312894 0.302253 0.295881 0.294103 
0.310423 0.318344 0.332191 0.352453 0.379692 0.414483 0.457299 0.508316 0.567124 0.632392 0.701561 0.770717 0.834792 0.888185 0.925729 0.943785 0.941097 0.919125 0.881713 0.834223 0.782444 0.731607 0.685761 0.647548 0.618305 0.598333 0.587191 0.583921 0.587191 0.595365 0.606543 0.618619 0.629392 0.636746 0.638873 0.634502 0.623061 0.604745 0.580438 0.551535 0.519702 0.486641 0.453909 0.422803 0.394331 0.369229 0.348013 0.331039 0.318571 0.310825 0.308023 
0.318037 0.324852 0.337428 0.356049 0.381031 0.412665 0.451120 0.496283 0.547555 0.603617 0.662235 0.720209 0.773556 0.817987 0.849619 0.865761 0.865521 0.850042 0.822268 0.786332 0.746771 0.707805 0.672851 0.644319 0.623636 0.611394 0.607518 0.611394 0.621930 0.637567 0.656280 0.675639 0.692945 0.705498 0.710937 0.707594 0.694768 0.672820 0.643067 0.607509 0.568461 0.528211 0.488761 0.451692 0.418142 0.388858 0.364291 0.344686 0.330174 0.320837 0.316753 
0.320128 0.325605 0.336611 0.353236 0.375580 0.403696 0.437509 0.476701 0.520564 0.567848 0.616658 0.664439 0.708147 0.744598 0.770972 0.785355 0.787156 0.777264 0.757896 0.732177 0.703607 0.675552 0.650880 0.631787 0.619766 0.615668 0.619766 0.631787 0.650880 0.675552 0.703607 0.732177 0.757896 0.777264 0.787156 0.785355 0.770972 0.744598 0.708147 0.664439 0.616658 0.567848 0.520564 0.476701 0.437509 0.403696 0.375580 0.353236 0.336611 0.325605 0.320128 
0.316753 0.320837 0.330174 0.344686 0.364291 0.388858 0.418142 0.451692 0.488761 0.528211 0.568461 0.607509 0.643067 0.672820 0.694768 0.707594 0.710937 0.705498 0.692945 0.675639 0.656280 0.637567 0.621930 0.611394 0.607518 0.611394 0.623636 0.644319 0.672851 0.707805 0.746771 0.786332 0.822268 0.850042 0.865521 0.865761 0.849619 0.817987 0.773556 0.720209 0.662235 0.603617 0.547555 0.496283 0.451120 0.412665 0.381031 0.356049 0.337428 0.324852 0.318037 
0.308023 0.310825 0.318571 0.331039 0.348013 0.369229 0.394331 0.422803 0.453909 0.486641 0.519702 0.551535 0.580438 0.604745 0.623061 0.634502 0.638873 0.636746 0.629392 0.618619 0.606543 0.595365 0.587191 0.583921 0.587191 0.598333 0.618305 0.647548 0.685761 0.731607 0.782444 0.834223 0.881713 0.919125 0.941097 0.943785 0.925729 0.888185 0.834792 0.770717 0.701561 0.632392 0.567124 0.508316 0.457299 0.414483 0.379692 0.352453 0.332191 0.318344 0.310423 
0.294103 0.295881 0.302253 0.312894 0.327486 0.345687 0.367078 0.391126 0.417140 0.444247 0.471392 0.497370 0.520919 0.540843 0.556178 0.566341 0.571258 0.571402 0.567770 0.561779 0.555126 0.549651 0.547219 0.549651 0.558664 0.575823 0.602429 0.639309 0.686488 0.742760 0.805277 0.869348 0.928664 0.976076 1.004867 1.010193 0.990239 0.946659 0.884139 0.809248 0.729004 0.649609 0.575686 0.510067 0.454023 0.407694 0.370558 0.341791 0.320512 0.305911 0.297296 
0.275225 0.276353 0.281678 0.290804 0.303357 0.318950 0.337146 0.357426 0.379165 0.401620 0.423936 0.445183 0.464423 0.480795 0.493633 0.502563 0.507582 0.509097 0.507907 0.505148 0.502214 0.500675 0.502214 0.508582 0.521566 0.542932 0.574293 0.616852 0.670976 0.735641 0.807875 0.882448 0.952081 1.008362 1.043296 1.051084 1.029570 0.980788 0.910418 0.826353 0.736917 0.649328 0.568797 0.498329 0.439052 0.390794 0.352664 0.323492 0.302109 0.287482 0.278751 
0.251703 0.252640 0.257312 0.265296 0.276195 0.289615 0.305128 0.322253 0.340440 0.359064 0.377438 0.394842 0.410574 0.424012 0.434691 0.442375 0.447104 0.449226 0.449392 0.448526 0.447787 0.448526 0.452260 0.460655 0.475513 0.498727 0.532138 0.577254 0.634755 0.703842 0.781562 0.862395 0.938443 1.000429 1.039452 1.049026 1.026749 0.974936 0.899988 0.810737 0.716409 0.624878 0.541677 0.469823 0.410242 0.362455 0.325251 0.297186 0.276878 0.263139 0.255002 
0.223958 0.225199 0.229646 0.236882 0.246523 0.258195 0.271503 0.286019 0.301271 0.316740 0.331878 0.346124 0.358949 0.369899 0.378646 0.385038 0.389134 0.391226 0.391839 0.391725 0.391839 0.393330 0.397532 0.405974 0.420380 0.442638 0.474669 0.518135 0.573938 0.641522 0.718143 0.798403 0.874393 0.936711 0.976263 0.986403 0.964672 0.913469 0.839386 0.751474 0.659112 0.570209 0.490201 0.421911 0.366028 0.321848 0.287978 0.262843 0.244982 0.233166 0.226413 
0.192524 0.194561 0.199201 0.206070 0.214829 0.225146 0.236678 0.249057 0.261888 0.274750 0.287204 0.298816 0.309183 0.317967 0.324930 0.329970 0.333143 0.334680 0.334996 0.334680 0.334497 0.335381 0.338446 0.345003 0.356573 0.374863 0.401661 0.438573 0.486562 0.545301 0.612477 0.683335 0.750785 0.806311 0.841634 0.850683 0.831215 0.785435 0.719383 0.641316 0.559746 0.481782 0.412229 0.353484 0.306008 0.269019 0.241149 0.220904 0.206928 0.198097 0.193524 
0.158059 0.161330 0.166534 0.173376 0.181586 0.190891 0.201012 0.211649 0.222482 0.233173 0.243377 0.252756 0.261001 0.267854 0.273136 0.276767 0.278784 0.279356 0.278784 0.277503 0.276079 0.275215 0.275754 0.278702 0.285236 0.296694 0.314497 0.339948 0.373880 0.416151 0.465096 0.517160 0.566965 0.608009 0.633937 0.640085 0.624727 0.589569 0.539259 0.480146 0.418742 0.360453 0.308891 0.265805 0.231460 0.205186 0.185884 0.172379 0.163618 0.158737 0.157059 
0.121331 0.126174 0.132234 0.139323 0.147252 0.155828 0.164837 0.174052 0.183223 0.192088 0.200380 0.207836 0.214215 0.219318 0.222997 0.225180 0.225875 0.225180 0.223285 0.220470 0.217098 0.213618 0.210564 0.208558 0.208320 0.210654 0.216410 0.226374 0.241070 0.260491 0.283792 0.309087 0.333484 0.353459 0.365560 0.367247 0.357580 0.337491 0.309516 0.277111 0.243818 0.212563 0.185287 0.162916 0.145567 0.132854 0.124165 0.118852 0.116338 0.116148 0.117910 
0.083186 0.089806 0.096912 0.104433 0.112279 0.120335 0.128463 0.136504 0.144276 0.151583 0.158224 0.163996 0.168712 0.172209 0.174360 0.175086 0.174360 0.172209 0.168712 0.163996 0.158224 0.151583 0.144276 0.136504 0.128463 0.120335 0.112279 0.104433 0.096912 0.089806 0.083185 0.077103 0.071595 0.066684 0.062385 0.058704 0.055642 0.053199 0.051371 0.050155 0.049547 0.049547 0.050155 0.051371 0.053199 0.055643 0.058704 0.062385 0.066684 0.071595 0.077103 
0.044506 0.052956 0.061178 0.069224 0.077100 0.084774 0.092181 0.099228 0.105796 0.111750 0.116941 0.121217 0.124432 0.126449 0.127152 0.126449 0.124274 0.120587 0.115362 0.108583 0.100223 0.090220 0.078455 0.064722 0.048699 0.029948 0.007942 -0.017827 -0.047658 -0.081362 -0.117955 -0.155452 -0.190889 -0.220699 -0.241405 -0.250455 -0.246909 -0.231703 -0.207381 -0.177407 -0.145327 -0.114072 -0.085583 -0.060781 -0.039779 -0.022183 -0.007373 0.005303 0.016423 0.026447 0.035726 
0.006162 0.016335 0.025623 0.034187 0.042125 0.049482 0.056262 0.062433 0.067934 0.072681 0.076574 0.079503 0.081352 0.082006 0.081352 0.079286 0.075704 0.070504 0.063569 0.054757 0.043872 0.030639 0.014661 -0.004620 -0.027962 -0.056321 -0.090786 -0.132385 -0.181724 -0.238485 -0.300875 -0.365246 -0.426161 -0.477078 -0.511629 -0.525143 -0.515900 -0.485614 -0.438947 -0.382255 -0.322060 -0.263771 -0.211000 -0.165492 -0.127505 -0.096359 -0.070941 -0.050070 -0.032687 -0.017932 -0.005145 
-0.031050 -0.019397 -0.009207 -0.000223 0.007731 0.014769 0.020954 0.026310 0.030827 0.034467 0.037174 0.038870 0.039469 0.038870 0.036967 0.033639 0.028754 0.022157 0.013656 0.003006 -0.010119 -0.026163 -0.045731 -0.069637 -0.098942 -0.134948 -0.179100 -0.232726 -0.296568 -0.370137 -0.451003 -0.534335 -0.612998 -0.678454 -0.722421 -0.738834 -0.725465 -0.684538 -0.622106 -0.546444 -0.466074 -0.388110 -0.317357 -0.256207 -0.205110 -0.163270 -0.129300 -0.101691 -0.079071 -0.060310 -0.044524 
-0.066439 -0.053668 -0.042831 -0.033603 -0.025746 -0.019092 -0.013525 -0.008974 -0.005405 -0.002812 -0.001218 -0.000665 -0.001218 -0.002960 -0.005995 -0.010451 -0.016483 -0.024287 -0.034108 -0.046266 -0.061179 -0.079402 -0.101666 -0.128929 -0.162402 -0.203536 -0.253892 -0.314856 -0.387123 -0.469991 -0.560624 -0.653570 -0.740899 -0.813207 -0.861417 -0.878905 -0.863240 -0.816851 -0.746353 -0.660818 -0.569641 -0.480738 -0.399545 -0.328877 -0.269409 -0.220416 -0.180480 -0.147996 -0.121478 -0.099671 -0.081580 
-0.099458 -0.086008 -0.074848 -0.065613 -0.058023 -0.051868 -0.046990 -0.043280 -0.040662 -0.039096 -0.038569 -0.039096 -0.040717 -0.043499 -0.047539 -0.052967 -0.059952 -0.068714 -0.079535 -0.092780 -0.108919 -0.128559 -0.152482 -0.181681 -0.217375 -0.260979 -0.313966 -0.377571 -0.452291 -0.537210 -0.629316 -0.723070 -0.810582 -0.882604 -0.930274 -0.947153 -0.930882 -0.883818 -0.812398 -0.725483 -0.632318 -0.540786 -0.456422 -0.382233 -0.319123 -0.266587 -0.223378 -0.188009 -0.159053 -0.135277 -0.115677 
-0.129712 -0.116061 -0.104945 -0.095982 -0.088869 -0.083368 -0.079292 -0.076495 -0.074871 -0.074344 -0.074871 -0.076437 -0.079058 -0.082784 -0.087698 -0.093928 -0.101647 -0.111085 -0.122542 -0.136401 -0.153149 -0.173399 -0.197919 -0.227650 -0.263712 -0.307350 -0.359806 -0.422030 -0.494243 -0.575348 -0.662363 -0.750080 -0.831274 -0.897597 -0.941124 -0.956128 -0.940517 -0.896384 -0.829458 -0.747667 -0.659361 -0.571772 -0.490110 -0.417368 -0.354648 -0.301741 -0.257707 -0.221320 -0.191344 -0.166675 -0.146383 
-0.156953 -0.143582 -0.132892 -0.124504 -0.118109 -0.113450 -0.110318 -0.108543 -0.107986 -0.108543 -0.110137 -0.112726 -0.116300 -0.120884 -0.126547 -0.133406 -0.141627 -0.151442 -0.163151 -0.177135 -0.193872 -0.213946 -0.238065 -0.267067 -0.301904 -0.343586 -0.393051 -0.450920 -0.517127 -0.590461 -0.668126 -0.745516 -0.816424 -0.873813 -0.911073 -0.923461 -0.909249 -0.870170 -0.810970 -0.738267 -0.659109 -0.579714 -0.504705 -0.436899 -0.377533 -0.326704 -0.283825 -0.247997 -0.218250 -0.193671 -0.173463 
-0.181058 -0.168430 -0.158544 -0.151041 -0.145617 -0.142010 -0.139995 -0.139378 -0.139995 -0.141710 -0.144416 -0.148038 -0.152536 -0.157911 -0.164208 -0.171526 -0.180020 -0.189911 -0.201490 -0.215122 -0.231258 -0.250434 -0.273277 -0.300495 -0.332854 -0.371114 -0.415909 -0.467549 -0.525734 -0.589212 -0.655479 -0.720647 -0.779652 -0.826868 -0.857083 -0.866588 -0.854039 -0.820785 -0.770543 -0.708538 -0.640408 -0.571239 -0.504945 -0.444067 -0.389898 -0.342791 -0.302495 -0.268439 -0.239933 -0.216283 -0.196847 
-0.202011 -0.190544 -0.181818 -0.175506 -0.171316 -0.168986 -0.168281 -0.168986 -0.170913 -0.173893 -0.177786 -0.182481 -0.187904 -0.194022 -0.200855 -0.208476 -0.217024 -0.226701 -0.237781 -0.250611 -0.265606 -0.283249 -0.304082 -0.328688 -0.357656 -0.391522 -0.430662 -0.475139 -0.524495 -0.577512 -0.632029 -0.684881 -0.732091 -0.769346 -0.792710 -0.799407 -0.788438 -0.760810 -0.719305 -0.667872 -0.610844 -0.552226 -0.495218 -0.442031 -0.393942 -0.351483 -0.314676 -0.283237 -0.256732 -0.234676 -0.216586 
-0.219865 -0.209926 -0.202687 -0.197858 -0.195163 -0.194347 -0.195163 -0.197382 -0.200786 -0.205173 -0.210363 -0.216206 -0.222584 -0.229428 -0.236722 -0.244510 -0.252906 -0.262095 -0.272333 -0.283943 -0.297313 -0.312876 -0.331102 -0.352468 -0.377421 -0.406319 -0.439350 -0.476408 -0.516957 -0.559873 -0.603345 -0.644864 -0.681394 -0.709724 -0.726971 -0.731125 -0.721466 -0.698719 -0.664902 -0.622909 -0.575972 -0.527163 -0.479032 -0.433454 -0.391629 -0.354188 -0.321348 -0.293049 -0.269069 -0.249103 -0.232815 
-0.234718 -0.226617 -0.221157 -0.218083 -0.217143 -0.218083 -0.220654 -0.224603 -0.229684 -0.235658 -0.242298 -0.249403 -0.256808 -0.264395 -0.272104 -0.279945 -0.288005 -0.296450 -0.305520 -0.315526 -0.326834 -0.339846 -0.354980 -0.372639 -0.393170 -0.416812 -0.443629 -0.473428 -0.505659 -0.539332 -0.572962 -0.604600 -0.631967 -0.652715 -0.664774 -0.666717 -0.658032 -0.639230 -0.611743 -0.577651 -0.539323 -0.499073 -0.458902 -0.420366 -0.384550 -0.352120 -0.323411 -0.298521 -0.277390 -0.259858 -0.245715 
-0.246686 -0.240678 -0.237251 -0.236186 -0.237251 -0.240201 -0.244775 -0.250703 -0.257702 -0.265486 -0.273777 -0.282311 -0.290862 -0.299250 -0.307363 -0.315171 -0.322731 -0.330190 -0.337783 -0.345818 -0.354660 -0.364701 -0.376338 -0.389934 -0.405780 -0.424051 -0.444750 -0.467653 -0.492251 -0.517699 -0.542805 -0.566071 -0.585801 -0.600292 -0.608067 -0.608119 -0.600087 -0.584323 -0.561833 -0.534095 -0.502831 -0.469771 -0.436468 -0.404196 -0.373907 -0.346252 -0.321627 -0.300230 -0.282115 -0.267234 -0.255477 
-0.255881 -0.252170 -0.250994 -0.252170 -0.255486 -0.260704 -0.267555 -0.275742 -0.284944 -0.294820 -0.305023 -0.315215 -0.325089 -0.334390 -0.342940 -0.350658 -0.357568 -0.363806 -0.369614 -0.375315 -0.381296 -0.387971 -0.395747 -0.404984 -0.415961 -0.428833 -0.443592 -0.460029 -0.477701 -0.495910 -0.513711 -0.529957 -0.543388 -0.552765 -0.557030 -0.555469 -0.547820 -0.534325 -0.515682 -0.492944 -0.467357 -0.440212 -0.412712 -0.385887 -0.360556 -0.337326 -0.316610 -0.298663 -0.283614 -0.271498 -0.262282 
-0.262397 -0.261138 -0.262397 -0.266025 -0.271832 -0.279586 -0.289010 -0.299779 -0.311525 -0.323839 -0.336292 -0.348449 -0.359900 -0.370292 -0.379361 -0.386963 -0.393088 -0.397866 -0.401562 -0.404544 -0.407251 -0.410153 -0.413704 -0.418302 -0.424251 -0.431723 -0.440734 -0.451115 -0.462502 -0.474331 -0.485860 -0.496208 -0.504429 -0.509612 -0.510989 -0.508040 -0.500570 -0.488736 -0.473027 -0.454189 -0.433130 -0.410813 -0.388169 -0.366027 -0.345082 -0.325881 -0.308828 -0.294205 -0.282190 -0.272874 -0.266286 
-0.266297 -0.267600 -0.271444 -0.277713 -0.286242 -0.296810 -0.309131 -0.322851 -0.337547 -0.352732 -0.367870 -0.382401 -0.395782 -0.407528 -0.417263 -0.424758 -0.429965 -0.433022 -0.434237 -0.434059 -0.433022 -0.431696 -0.430625 -0.430282 -0.431027 -0.433082 -0.436504 -0.441181 -0.446825 -0.452988 -0.459082 -0.464423 -0.468290 -0.469997 -0.468968 -0.464814 -0.457377 -0.446755 -0.433284 -0.417495 -0.400051 -0.381676 -0.363089 -0.344957 -0.327864 -0.312293 -0.298626 -0.287152 -0.278077 -0.271535 -0.267600 
# Iterations: 1710
#-- Ey --#
-0.267600 -0.266286 -0.262282 -0.255477 -0.245715 -0.232815 -0.216586 -0.196847 -0.173463 -0.146383 -0.115677 -0.081580 -0.044524 -0.005145 0.035726 0.077103 0.117910 0.157059 0.193524 0.226413 0.255002 0.278751 0.297296 0.310423 0.318037 0.320128 0.316753 0.308023 0.294103 0.275225 0.251703 0.223958 0.192524 0.158059 0.121331 0.083186 0.044506 0.006162 -0.031050 -0.066439 -0.099458 -0.129712 -0.156953 -0.181058 -0.202011 -0.219865 -0.234718 -0.246686 -0.255881 -0.262397 -0.266297 
-0.271535 -0.272874 -0.271498 -0.267234 -0.259858 -0.249103 -0.234676 -0.216283 -0.193671 -0.166675 -0.135277 -0.099671 -0.060310 -0.017932 0.026447 0.071595 0.116148 0.158737 0.198097 0.233166 0.263139 0.287482 0.305911 0.318344 0.324852 0.325605 0.320837 0.310825 0.295881 0.276353 0.252640 0.225199 0.194561 0.161330 0.126174 0.089806 0.052956 0.016335 -0.019397 -0.053668 -0.086008 -0.116061 -0.143582 -0.168430 -0.190544 -0.209926 -0.226617 -0.240678 -0.252170 -0.261138 -0.267600 
-0.278077 -0.282190 -0.283614 -0.282115 -0.277390 -0.269069 -0.256732 -0.239933 -0.218250 -0.191344 -0.159053 -0.121478 -0.079071 -0.032687 0.016423 0.066684 0.116338 0.163618 0.206928 0.244982 0.276878 0.302109 0.320512 0.332191 0.337428 0.336611 0.330174 0.318571 0.302253 0.281678 0.257312 0.229646 0.199201 0.166534 0.132234 0.096912 0.061178 0.025623 -0.009207 -0.042831 -0.074848 -0.104945 -0.132892 -0.158544 -0.181818 -0.202687 -0.221157 -0.237251 -0.250994 -0.262397 -0.271444 
-0.287152 -0.294205 -0.298663 -0.300230 -0.298521 -0.293049 -0.283237 -0.268439 -0.247997 -0.221320 -0.188009 -0.147996 -0.101691 -0.050070 0.005303 0.062385 0.118852 0.172379 0.220904 0.262843 0.297186 0.323492 0.341791 0.352453 0.356049 0.353236 0.344686 0.331039 0.312894 0.290804 0.265296 0.236882 0.206070 0.173376 0.139323 0.104433 0.069224 0.034187 -0.000223 -0.033603 -0.065613 -0.095982 -0.124504 -0.151041 -0.175506 -0.197858 -0.218083 -0.236186 -0.252170 -0.266025 -0.277713 
-0.298626 -0.308828 -0.316610 -0.321627 -0.323411 -0.321348 -0.314676 -0.302495 -0.283825 -0.257707 -0.223378 -0.180480 -0.129300 -0.070941 -0.007373 0.058704 0.124165 0.185884 0.241149 0.287978 0.325251 0.352664 0.370558 0.379692 0.381031 0.375580 0.364291 0.348013 0.327486 0.303357 0.276195 0.246523 0.214829 0.181586 0.147252 0.112279 0.077100 0.042125 0.007731 -0.025746 -0.058023 -0.088869 -0.118109 -0.145617 -0.171316 -0.195163 -0.217143 -0.237251 -0.255486 -0.271832 -0.286242 
-0.312293 -0.325881 -0.337326 -0.346252 -0.352120 -0.354188 -0.351483 -0.342791 -0.326704 -0.301741 -0.266587 -0.220416 -0.163270 -0.096359 -0.022183 0.055643 0.132854 0.205186 0.269019 0.321848 0.362455 0.390794 0.407694 0.414483 0.412665 0.403696 0.388858 0.369229 0.345687 0.318950 0.289615 0.258195 0.225146 0.190891 0.155828 0.120335 0.084774 0.049482 0.014769 -0.019092 -0.051868 -0.083368 -0.113450 -0.142010 -0.168986 -0.194347 -0.218083 -0.240201 -0.260704 -0.279586 -0.296810 
-0.327864 -0.345082 -0.360556 -0.373907 -0.384550 -0.391629 -0.393942 -0.389898 -0.377533 -0.354648 -0.319123 -0.269409 -0.205110 -0.127505 -0.039779 0.053199 0.145567 0.231460 0.306008 0.366028 0.410242 0.439052 0.454023 0.457299 0.451120 0.437509 0.418142 0.394331 0.367078 0.337146 0.305128 0.271503 0.236678 0.201012 0.164837 0.128463 0.092181 0.056262 0.020954 -0.013525 -0.046990 -0.079292 -0.110318 -0.139995 -0.168281 -0.195163 -0.220654 -0.244775 -0.267555 -0.289010 -0.309131 
-0.344957 -0.366027 -0.385887 -0.404196 -0.420366 -0.433454 -0.442031 -0.444067 -0.436899 -0.417368 -0.382233 -0.328877 -0.256207 -0.165492 -0.060781 0.051371 0.162916 0.265805 0.353484 0.421911 0.469823 0.498329 0.510067 0.508316 0.496283 0.476701 0.451692 0.422803 0.391126 0.357426 0.322253 0.286019 0.249057 0.211649 0.174052 0.136504 0.099228 0.062433 0.026310 -0.008974 -0.043280 -0.076495 -0.108543 -0.139378 -0.168986 -0.197382 -0.224603 -0.250703 -0.275742 -0.299779 -0.322851 
-0.363089 -0.388169 -0.412712 -0.436468 -0.458902 -0.479032 -0.495218 -0.504945 -0.504705 -0.490110 -0.456422 -0.399545 -0.317357 -0.211000 -0.085583 0.050155 0.185287 0.308891 0.412229 0.490201 0.541677 0.568797 0.575686 0.567124 0.547555 0.520564 0.488761 0.453909 0.417140 0.379165 0.340440 0.301271 0.261888 0.222482 0.183223 0.144276 0.105796 0.067934 0.030827 -0.005405 -0.040662 -0.074871 -0.107986 -0.139995 -0.170913 -0.200786 -0.229684 -0.257702 -0.284944 -0.311525 -0.337547 
-0.381676 -0.410813 -0.440212 -0.469771 -0.499073 -0.527163 -0.552226 -0.571239 -0.579714 -0.571772 -0.540786 -0.480738 -0.388110 -0.263771 -0.114072 0.049547 0.212563 0.360453 0.481782 0.570209 0.624878 0.649328 0.649609 0.632392 0.603617 0.567848 0.528211 0.486641 0.444247 0.401620 0.359064 0.316740 0.274750 0.233173 0.192088 0.151583 0.111750 0.072681 0.034467 -0.002812 -0.039096 -0.074344 -0.108543 -0.141710 -0.173893 -0.205173 -0.235658 -0.265486 -0.294820 -0.323839 -0.352732 
-0.400051 -0.433130 -0.467357 -0.502831 -0.539323 -0.575972 -0.610844 -0.640408 -0.659109 -0.659361 -0.632318 -0.569641 -0.466074 -0.322060 -0.145327 0.049547 0.243818 0.418742 0.559746 0.659112 0.716409 0.736917 0.729004 0.701561 0.662235 0.616658 0.568461 0.519702 0.471392 0.423936 0.377438 0.331878 0.287204 0.243377 0.200380 0.158224 0.116941 0.076574 0.037174 -0.001218 -0.038569 -0.074871 -0.110137 -0.144416 -0.177786 -0.210363 -0.242298 -0.273777 -0.305023 -0.336292 -0.367870 
-0.417495 -0.454189 -0.492944 -0.534095 -0.577651 -0.622909 -0.667872 -0.708538 -0.738267 -0.747667 -0.725483 -0.660818 -0.546444 -0.382255 -0.177407 0.050155 0.277111 0.480146 0.641316 0.751474 0.810737 0.826353 0.809248 0.770717 0.720209 0.664439 0.607509 0.551535 0.497370 0.445183 0.394842 0.346124 0.298816 0.252756 0.207836 0.163996 0.121217 0.079503 0.038870 -0.000665 -0.039096 -0.076437 -0.112726 -0.148038 -0.182481 -0.216206 -0.249403 -0.282311 -0.315215 -0.348449 -0.382401 
-0.433284 -0.473027 -0.515682 -0.561833 -0.611743 -0.664902 -0.719305 -0.770543 -0.810970 -0.829458 -0.812398 -0.746353 -0.622106 -0.438947 -0.207381 0.051371 0.309516 0.539259 0.719383 0.839386 0.899988 0.910418 0.884139 0.834792 0.773556 0.708147 0.643067 0.580438 0.520919 0.464423 0.410574 0.358949 0.309183 0.261001 0.214215 0.168712 0.124432 0.081352 0.039469 -0.001218 -0.040717 -0.079058 -0.116300 -0.152536 -0.187904 -0.222584 -0.256808 -0.290862 -0.325089 -0.359900 -0.395782 
-0.446755 -0.488736 -0.534325 -0.584323 -0.639230 -0.698719 -0.760810 -0.820785 -0.870170 -0.896384 -0.883818 -0.816851 -0.684538 -0.485614 -0.231703 0.053199 0.337491 0.589569 0.785435 0.913469 0.974936 0.980788 0.946659 0.888185 0.817987 0.744598 0.672820 0.604745 0.540843 0.480795 0.424012 0.369899 0.317967 0.267854 0.219318 0.172209 0.126449 0.082006 0.038870 -0.002960 -0.043499 -0.082784 -0.120884 -0.157911 -0.194022 -0.229428 -0.264395 -0.299250 -0.334390 -0.370292 -0.407528 
-0.457377 -0.500570 -0.547820 -0.600087 -0.658032 -0.721466 -0.788438 -0.854039 -0.909249 -0.940517 -0.930882 -0.863240 -0.725465 -0.515900 -0.246909 0.055642 0.357580 0.624727 0.831215 0.964672 1.026749 1.029570 0.990239 0.925729 0.849619 0.770972 0.694768 0.623061 0.556178 0.493633 0.434691 0.378646 0.324930 0.273136 0.222997 0.174360 0.127152 0.081352 0.036967 -0.005995 -0.047539 -0.087698 -0.126547 -0.164208 -0.200855 -0.236722 -0.272104 -0.307363 -0.342940 -0.379361 -0.417263 
-0.464814 -0.508040 -0.555469 -0.608119 -0.666717 -0.731125 -0.799407 -0.866588 -0.923461 -0.956128 -0.947153 -0.878905 -0.738834 -0.525143 -0.250455 0.058704 0.367247 0.640085 0.850683 0.986403 1.049026 1.051084 1.010193 0.943785 0.865761 0.785355 0.707594 0.634502 0.566341 0.502563 0.442375 0.385038 0.329970 0.276767 0.225180 0.175086 0.126449 0.079286 0.033639 -0.010451 -0.052967 -0.093928 -0.133406 -0.171526 -0.208476 -0.244510 -0.279945 -0.315171 -0.350658 -0.386963 -0.424758 
-0.468968 -0.510989 -0.557030 -0.608067 -0.664774 -0.726971 -0.792710 -0.857083 -0.911073 -0.941124 -0.930274 -0.861417 -0.722421 -0.511629 -0.241405 0.062385 0.365560 0.633937 0.841634 0.976263 1.039452 1.043296 1.004867 0.941097 0.865521 0.787156 0.710937 0.638873 0.571258 0.507582 0.447104 0.389134 0.333143 0.278784 0.225875 0.174360 0.124274 0.075704 0.028754 -0.016483 -0.059952 -0.101647 -0.141627 -0.180020 -0.217024 -0.252906 -0.288005 -0.322731 -0.357568 -0.393088 -0.429965 
-0.469997 -0.509612 -0.552765 -0.600292 -0.652715 -0.709724 -0.769346 -0.826868 -0.873813 -0.897597 -0.882604 -0.813207 -0.678454 -0.477078 -0.220699 0.066684 0.353459 0.608009 0.806311 0.936711 1.000429 1.008362 0.976076 0.919125 0.850042 0.777264 0.705498 0.636746 0.571402 0.509097 0.449226 0.391226 0.334680 0.279356 0.225180 0.172209 0.120587 0.070504 0.022157 -0.024287 -0.068714 -0.111085 -0.151442 -0.189911 -0.226701 -0.262095 -0.296450 -0.330190 -0.363806 -0.397866 -0.433022 
-0.468290 -0.504429 -0.543388 -0.585801 -0.631967 -0.681394 -0.732091 -0.779652 -0.816424 -0.831274 -0.810582 -0.740899 -0.612998 -0.426161 -0.190889 0.071595 0.333484 0.566965 0.750785 0.874393 0.938443 0.952081 0.928664 0.881713 0.822268 0.757896 0.692945 0.629392 0.567770 0.507907 0.449392 0.391839 0.334996 0.278784 0.223285 0.168712 0.115362 0.063569 0.013656 -0.034108 -0.079535 -0.122542 -0.163151 -0.201490 -0.237781 -0.272333 -0.305520 -0.337783 -0.369614 -0.401562 -0.434237 
-0.464423 -0.496208 -0.529957 -0.566071 -0.604600 -0.644864 -0.684881 -0.720647 -0.745516 -0.750080 -0.723070 -0.653570 -0.534335 -0.365246 -0.155452 0.077103 0.309087 0.517160 0.683335 0.798403 0.862395 0.882448 0.869348 0.834223 0.786332 0.732177 0.675639 0.618619 0.561779 0.505148 0.448526 0.391725 0.334680 0.277503 0.220470 0.163996 0.108583 0.054757 0.003006 -0.046266 -0.092780 -0.136401 -0.177135 -0.215122 -0.250611 -0.283943 -0.315526 -0.345818 -0.375315 -0.404544 -0.434059 
-0.459082 -0.485860 -0.513711 -0.542805 -0.572962 -0.603345 -0.632029 -0.655479 -0.668126 -0.662363 -0.629316 -0.560624 -0.451003 -0.300875 -0.117955 0.083185 0.283792 0.465096 0.612477 0.718143 0.781562 0.807875 0.805277 0.782444 0.746771 0.703607 0.656280 0.606543 0.555126 0.502214 0.447787 0.391839 0.334497 0.276079 0.217098 0.158224 0.100223 0.043872 -0.010119 -0.061179 -0.108919 -0.153149 -0.193872 -0.231258 -0.265606 -0.297313 -0.326834 -0.354660 -0.381296 -0.407251 -0.433022 
-0.452988 -0.474331 -0.495910 -0.517699 -0.539332 -0.559873 -0.577512 -0.589212 -0.590461 -0.575348 -0.537210 -0.469991 -0.370137 -0.238485 -0.081362 0.089806 0.260491 0.416151 0.545301 0.641522 0.703842 0.735641 0.742760 0.731607 0.707805 0.675552 0.637567 0.595365 0.549651 0.500675 0.448526 0.393330 0.335381 0.275215 0.213618 0.151583 0.090220 0.030639 -0.026163 -0.079402 -0.128559 -0.173399 -0.213946 -0.250434 -0.283249 -0.312876 -0.339846 -0.364701 -0.387971 -0.410153 -0.431696 
-0.446825 -0.462502 -0.477701 -0.492251 -0.505659 -0.516957 -0.524495 -0.525734 -0.517127 -0.494243 -0.452291 -0.387123 -0.296568 -0.181724 -0.047658 0.096912 0.241070 0.373880 0.486562 0.573938 0.634755 0.670976 0.686488 0.685761 0.672851 0.650880 0.621930 0.587191 0.547219 0.502214 0.452260 0.397532 0.338446 0.275754 0.210564 0.144276 0.078455 0.014661 -0.045731 -0.101666 -0.152482 -0.197919 -0.238065 -0.273277 -0.304082 -0.331102 -0.354980 -0.376338 -0.395747 -0.413704 -0.430625 
-0.441181 -0.451115 -0.460029 -0.467653 -0.473428 -0.476408 -0.475139 -0.467549 -0.450920 -0.422030 -0.377571 -0.314856 -0.232726 -0.132385 -0.017827 0.104433 0.226374 0.339948 0.438573 0.518135 0.577254 0.616852 0.639309 0.647548 0.644319 0.631787 0.611394 0.583921 0.549651 0.508582 0.460655 0.405974 0.345003 0.278702 0.208558 0.136504 0.064722 -0.004620 -0.069637 -0.128929 -0.181681 -0.227650 -0.267067 -0.300495 -0.328688 -0.352468 -0.372639 -0.389934 -0.404984 -0.418302 -0.430282 
-0.436504 -0.440734 -0.443592 -0.444750 -0.443629 -0.439350 -0.430662 -0.415909 -0.393051 -0.359806 -0.313966 -0.253892 -0.179100 -0.090786 0.007942 0.112279 0.216410 0.314497 0.401661 0.474669 0.532138 0.574293 0.602429 0.618305 0.623636 0.619766 0.607518 0.587191 0.558664 0.521566 0.475513 0.420380 0.356573 0.285236 0.208320 0.128463 0.048699 -0.027962 -0.098942 -0.162402 -0.217375 -0.263712 -0.301904 -0.332854 -0.357656 -0.377421 -0.393170 -0.405780 -0.415961 -0.424251 -0.431027 
-0.433082 -0.431723 -0.428833 -0.424051 -0.416812 -0.406319 -0.391522 -0.371114 -0.343586 -0.307350 -0.260979 -0.203536 -0.134948 -0.056321 0.029948 0.120335 0.210654 0.296694 0.374863 0.442638 0.498727 0.542932 0.575823 0.598333 0.611394 0.615668 0.611394 0.598333 0.575823 0.542932 0.498727 0.442638 0.374863 0.296694 0.210654 0.120335 0.029948 -0.056321 -0.134948 -0.203536 -0.260979 -0.307350 -0.343586 -0.371114 -0.391522 -0.406319 -0.416812 -0.424051 -0.428833 -0.431723 -0.433082 
-0.431027 -0.424251 -0.415961 -0.405780 -0.393170 -0.377421 -0.357656 -0.332854 -0.301904 -0.263712 -0.217375 -0.162402 -0.098942 -0.027962 0.048699 0.128463 0.208320 0.285236 0.356573 0.420380 0.475513 0.521566 0.558664 0.587191 0.607518 0.619766 0.623636 0.618305 0.602429 0.574293 0.532138 0.474669 0.401661 0.314497 0.216410 0.112279 0.007942 -0.090786 -0.179100 -0.253892 -0.313966 -0.359806 -0.393051 -0.415909 -0.430662 -0.439350 -0.443629 -0.444750 -0.443592 -0.440734 -0.436504 
-0.430282 -0.418302 -0.404984 -0.389934 -0.372639 -0.352468 -0.328688 -0.300495 -0.267067 -0.227650 -0.181681 -0.128929 -0.069637 -0.004620 0.064722 0.136504 0.208558 0.278702 0.345003 0.405974 0.460655 0.508582 0.549651 0.583921 0.611394 0.631787 0.644319 0.647548 0.639309 0.616852 0.577254 0.518135 0.438573 0.339948 0.226374 0.104433 -0.017827 -0.132385 -0.232726 -0.314856 -0.377571 -0.422030 -0.450920 -0.467549 -0.475139 -0.476408 -0.473428 -0.467653 -0.460029 -0.451115 -0.441181 
-0.430625 -0.413704 -0.395747 -0.376338 -0.354980 -0.331102 -0.304082 -0.273277 -0.238065 -0.197919 -0.152482 -0.101666 -0.045731 0.014661 0.078455 0.144276 0.210564 0.275754 0.338446 0.397532 0.452260 0.502214 0.547219 0.587191 0.621930 0.650880 0.672851 0.685761 0.686488 0.670976 0.634755 0.573938 0.486562 0.373880 0.241070 0.096912 -0.047658 -0.181724 -0.296568 -0.387123 -0.452291 -0.494243 -0.517127 -0.525734 -0.524495 -0.516957 -0.505659 -0.492251 -0.477701 -0.462502 -0.446825 
-0.431696 -0.410153 -0.387971 -0.364701 -0.339846 -0.312876 -0.283249 -0.250434 -0.213946 -0.173399 -0.128559 -0.079402 -0.026163 0.030639 0.090220 0.151583 0.213618 0.275215 0.335381 0.393330 0.448526 0.500675 0.549651 0.595365 0.637567 0.675552 0.707805 0.731607 0.742760 0.735641 0.703842 0.641522 0.545301 0.416151 0.260491 0.089806 -0.081362 -0.238485 -0.370137 -0.469991 -0.537210 -0.575348 -0.590461 -0.589212 -0.577512 -0.559873 -0.539332 -0.517699 -0.495910 -0.474331 -0.452988 
-0.433022 -0.407251 -0.381296 -0.354660 -0.326834 -0.297313 -0.265606 -0.231258 -0.193872 -0.153149 -0.108919 -0.061179 -0.010119 0.043872 0.100223 0.158224 0.217098 0.276079 0.334497 0.391839 0.447787 0.502214 0.555126 0.606543 0.656280 0.703607 0.746771 0.782444 0.805277 0.807875 0.781562 0.718143 0.612477 0.465096 0.283792 0.083185 -0.117955 -0.300875 -0.451003 -0.560624 -0.629316 -0.662363 -0.668126 -0.655479 -0.632029 -0.603345 -0.572962 -0.542805 -0.513711 -0.485860 -0.459082 
-0.434059 -0.404544 -0.375315 -0.345818 -0.315526 -0.283943 -0.250611 -0.215122 -0.177135 -0.136401 -0.092780 -0.046266 0.003006 0.054757 0.108583 0.163996 0.220470 0.277503 0.334680 0.391725 0.448526 0.505148 0.561779 0.618619 0.675639 0.732177 0.786332 0.834223 0.869348 0.882448 0.862395 0.798403 0.683335 0.517160 0.309087 0.077103 -0.155452 -0.365246 -0.534335 -0.653570 -0.723070 -0.750080 -0.745516 -0.720647 -0.684881 -0.644864 -0.604600 -0.566071 -0.529957 -0.496208 -0.464423 
-0.434237 -0.401562 -0.369614 -0.337783 -0.305520 -0.272333 -0.237781 -0.201490 -0.163151 -0.122542 -0.079535 -0.034108 0.013656 0.063569 0.115362 0.168712 0.223285 0.278784 0.334996 0.391839 0.449392 0.507907 0.567770 0.629392 0.692945 0.757896 0.822268 0.881713 0.928664 0.952081 0.938443 0.874393 0.750785 0.566965 0.333484 0.071595 -0.190889 -0.426161 -0.612998 -0.740899 -0.810582 -0.831274 -0.816424 -0.779652 -0.732091 -0.681394 -0.631967 -0.585801 -0.543388 -0.504429 -0.468290 
-0.433022 -0.397866 -0.363806 -0.330190 -0.296450 -0.262095 -0.226701 -0.189911 -0.151442 -0.111085 -0.068714 -0.024287 0.022157 0.070504 0.120587 0.172209 0.225180 0.279356 0.334680 0.391226 0.449226 0.509097 0.571402 0.636746 0.705498 0.777264 0.850042 0.919125 0.976076 1.008362 1.000429 0.936711 0.806311 0.608009 0.353459 0.066684 -0.220699 -0.477078 -0.678454 -0.813207 -0.882604 -0.897597 -0.873813 -0.826868 -0.769346 -0.709724 -0.652715 -0.600292 -0.552765 -0.509612 -0.469997 
-0.429965 -0.393088 -0.357568 -0.322731 -0.288005 -0.252906 -0.217024 -0.180020 -0.141627 -0.101647 -0.059952 -0.016483 0.028754 0.075704 0.124274 0.174360 0.225875 0.278784 0.333143 0.389134 0.447104 0.507582 0.571258 0.638873 0.710937 0.787156 0.865521 0.941097 1.004867 1.043296 1.039452 0.976263 0.841634 0.633937 0.365560 0.062385 -0.241405 -0.511629 -0.722421 -0.861417 -0.930274 -0.941124 -0.911073 -0.857083 -0.792710 -0.726971 -0.664774 -0.608067 -0.557030 -0.510989 -0.468968 
-0.424758 -0.386963 -0.350658 -0.315171 -0.279945 -0.244510 -0.208476 -0.171526 -0.133406 -0.093928 -0.052967 -0.010451 0.033639 0.079286 0.126449 0.175086 0.225180 0.276767 0.329970 0.385038 0.442375 0.502563 0.566341 0.634502 0.707594 0.785355 0.865761 0.943785 1.010193 1.051084 1.049026 0.986403 0.850683 0.640085 0.367247 0.058704 -0.250455 -0.525143 -0.738834 -0.878905 -0.947153 -0.956128 -0.923461 -0.866588 -0.799407 -0.731125 -0.666717 -0.608119 -0.555469 -0.508040 -0.464814 
-0.417263 -0.379361 -0.342940 -0.307363 -0.272104 -0.236722 -0.200855 -0.164208 -0.126547 -0.087698 -0.047539 -0.005995 0.036967 0.081352 0.127152 0.174360 0.222997 0.273136 0.324930 0.378646 0.434691 0.493633 0.556178 0.623061 0.694768 0.770972 0.849619 0.925729 0.990239 1.029570 1.026749 0.964672 0.831215 0.624727 0.357580 0.055642 -0.246909 -0.515900 -0.725465 -0.863240 -0.930882 -0.940517 -0.909249 -0.854039 -0.788438 -0.721466 -0.658032 -0.600087 -0.547820 -0.500570 -0.457377 
-0.407528 -0.370292 -0.334390 -0.299250 -0.264395 -0.229428 -0.194022 -0.157911 -0.120884 -0.082784 -0.043499 -0.002960 0.038870 0.082006 0.126449 0.172209 0.219318 0.267854 0.317967 0.369899 0.424012 0.480795 0.540843 0.604745 0.672820 0.744598 0.817987 0.888185 0.946659 0.980788 0.974936 0.913469 0.785435 0.589569 0.337491 0.053199 -0.231703 -0.485614 -0.684538 -0.816851 -0.883818 -0.896384 -0.870170 -0.820785 -0.760810 -0.698719 -0.639230 -0.584323 -0.534325 -0.488736 -0.446755 
-0.395782 -0.359900 -0.325089 -0.290862 -0.256808 -0.222584 -0.187904 -0.152536 -0.116300 -0.079058 -0.040717 -0.001218 0.039469 0.081352 0.124432 0.168712 0.214215 0.261001 0.309183 0.358949 0.410574 0.464423 0.520919 0.580438 0.643067 0.708147 0.773556 0.834792 0.884139 0.910418 0.899988 0.839386 0.719383 0.539259 0.309516 0.051371 -0.207381 -0.438947 -0.622106 -0.746353 -0.812398 -0.829458 -0.810970 -0.770543 -0.719305 -0.664902 -0.611743 -0.561833 -0.515682 -0.473027 -0.433284 
-0.382401 -0.348449 -0.315215 -0.282311 -0.249403 -0.216206 -0.182481 -0.148038 -0.112726 -0.076437 -0.039096 -0.000665 0.038870 0.079503 0.121217 0.163996 0.207836 0.252756 0.298816 0.346124 0.394842 0.445183 0.497370 0.551535 0.607509 0.664439 0.720209 0.770717 0.809248 0.826353 0.810737 0.751474 0.641316 0.480146 0.277111 0.050155 -0.177407 -0.382255 -0.546444 -0.660818 -0.725483 -0.747667 -0.738267 -0.708538 -0.667872 -0.622909 -0.577651 -0.534095 -0.492944 -0.454189 -0.417495 
-0.367870 -0.336292 -0.305023 -0.273777 -0.242298 -0.210363 -0.177786 -0.144416 -0.110137 -0.074871 -0.038569 -0.001218 0.037174 0.076574 0.116941 0.158224 0.200380 0.243377 0.287204 0.331878 0.377438 0.423936 0.471392 0.519702 0.568461 0.616658 0.662235 0.701561 0.729004 0.736917 0.716409 0.659112 0.559746 0.418742 0.243818 0.049547 -0.145327 -0.322060 -0.466074 -0.569641 -0.632318 -0.659361 -0.659109 -0.640408 -0.610844 -0.575972 -0.539323 -0.502831 -0.467357 -0.433130 -0.400051 
-0.352732 -0.323839 -0.294820 -0.265486 -0.235658 -0.205173 -0.173893 -0.141710 -0.108543 -0.074344 -0.039096 -0.002812 0.034467 0.072681 0.111750 0.151583 0.192088 0.233173 0.274750 0.316740 0.359064 0.401620 0.444247 0.486641 0.528211 0.567848 0.603617 0.632392 0.649609 0.649328 0.624878 0.570209 0.481782 0.360453 0.212563 0.049547 -0.114072 -0.263771 -0.388110 -0.480738 -0.540786 -0.571772 -0.579714 -0.571239 -0.552226 -0.527163 -0.499073 -0.469771 -0.440212 -0.410813 -0.381676 
-0.337547 -0.311525 -0.284944 -0.257702 -0.229684 -0.200786 -0.170913 -0.139995 -0.107986 -0.074871 -0.040662 -0.005405 0.030827 0.067934 0.105796 0.144276 0.183223 0.222482 0.261888 0.301271 0.340440 0.379165 0.417140 0.453909 0.488761 0.520564 0.547555 0.567124 0.575686 0.568797 0.541677 0.490201 0.412229 0.308891 0.185287 0.050155 -0.085583 -0.211000 -0.317357 -0.399545 -0.456422 -0.490110 -0.504705 -0.504945 -0.495218 -0.479032 -0.458902 -0.436468 -0.412712 -0.388169 -0.363089 
-0.322851 -0.299779 -0.275742 -0.250703 -0.224603 -0.197382 -0.168986 -0.139378 -0.108543 -0.076495 -0.043280 -0.008974 0.026310 0.062433 0.099228 0.136504 0.174052 0.211649 0.249057 0.286019 0.322253 0.357426 0.391126 0.422803 0.451692 0.476701 0.496283 0.508316 0.510067 0.498329 0.469823 0.421911 0.353484 0.265805 0.162916 0.051371 -0.060781 -0.165492 -0.256207 -0.328877 -0.382233 -0.417368 -0.436899 -0.444067 -0.442031 -0.433454 -0.420366 -0.404196 -0.385887 -0.366027 -0.344957 
-0.309131 -0.289010 -0.267555 -0.244775 -0.220654 -0.195163 -0.168281 -0.139995 -0.110318 -0.079292 -0.046990 -0.013525 0.020954 0.056262 0.092181 0.128463 0.164837 0.201012 0.236678 0.271503 0.305128 0.337146 0.367078 0.394331 0.418142 0.437509 0.451120 0.457299 0.454023 0.439052 0.410242 0.366028 0.306008 0.231460 0.145567 0.053199 -0.039779 -0.127505 -0.205110 -0.269409 -0.319123 -0.354648 -0.377533 -0.389898 -0.393942 -0.391629 -0.384550 -0.373907 -0.360556 -0.345082 -0.327864 
-0.296810 -0.279586 -0.260704 -0.240201 -0.218083 -0.194347 -0.168986 -0.142010 -0.113450 -0.083368 -0.051868 -0.019092 0.014769 0.049482 0.084774 0.120335 0.155828 0.190891 0.225146 0.258195 0.289615 0.318950 0.345687 0.369229 0.388858 0.403696 0.412665 0.414483 0.407694 0.390794 0.362455 0.321848 0.269019 0.205186 0.132854 0.055643 -0.022183 -0.096359 -0.163270 -0.220416 -0.266587 -0.301741 -0.326704 -0.342791 -0.351483 -0.354188 -0.352120 -0.346252 -0.337326 -0.325881 -0.312293 
-0.286242 -0.271832 -0.255486 -0.237251 -0.217143 -0.195163 -0.171316 -0.145617 -0.118109 -0.088869 -0.058023 -0.025746 0.007731 0.042125 0.077100 0.112279 0.147252 0.181586 0.214829 0.246523 0.276195 0.303357 0.327486 0.348013 0.364291 0.375580 0.381031 0.379692 0.370558 0.352664 0.325251 0.287978 0.241149 0.185884 0.124165 0.058704 -0.007373 -0.070941 -0.129300 -0.180480 -0.223378 -0.257707 -0.283825 -0.302495 -0.314676 -0.321348 -0.323411 -0.321627 -0.316610 -0.308828 -0.298626 
-0.277713 -0.266025 -0.252170 -0.236186 -0.218083 -0.197858 -0.175506 -0.151041 -0.124504 -0.095982 -0.065613 -0.033603 -0.000223 0.034187 0.069224 0.104433 0.139323 0.173376 0.206070 0.236882 0.265296 0.290804 0.312894 0.331039 0.344686 0.353236 0.356049 0.352453 0.341791 0.323492 0.297186 0.262843 0.220904 0.172379 0.118852 0.062385 0.005303 -0.050070 -0.101691 -0.147996 -0.188009 -0.221320 -0.247997 -0.268439 -0.283237 -0.293049 -0.298521 -0.300230 -0.298663 -0.294205 -0.287152 
-0.271444 -0.262397 -0.250994 -0.237251 -0.221157 -0.202687 -0.181818 -0.158544 -0.132892 -0.104945 -0.074848 -0.042831 -0.009207 0.025623 0.061178 0.096912 0.132234 0.166534 0.199201 0.229646 0.257312 0.281678 0.302253 0.318571 0.330174 0.336611 0.337428 0.332191 0.320512 0.302109 0.276878 0.244982 0.206928 0.163618 0.116338 0.066684 0.016423 -0.032687 -0.079071 -0.121478 -0.159053 -0.191344 -0.218250 -0.239933 -0.256732 -0.269069 -0.277390 -0.282115 -0.283614 -0.282190 -0.278077 
-0.267600 -0.261138 -0.252170 -0.240678 -0.226617 -0.209926 -0.190544 -0.168430 -0.143582 -0.116061 -0.086008 -0.053668 -0.019397 0.016335 0.052956 0.089806 0.126174 0.161330 0.194561 0.225199 0.252640 0.276353 0.295881 0.310825 0.320837 0.325605 0.324852 0.318344 0.305911 0.287482 0.263139 0.233166 0.198097 0.158737 0.116148 0.071595 0.026447 -0.017932 -0.060310 -0.099671 -0.135277 -0.166675 -0.193671 -0.216283 -0.234676 -0.249103 -0.259858 -0.267234 -0.271498 -0.272874 -0.271535 
-0.266297 -0.262397 -0.255881 -0.246686 -0.234718 -0.219865 -0.202011 -0.181058 -0.156953 -0.129712 -0.099458 -0.066439 -0.031050 0.006162 0.044506 0.083186 0.121331 0.158059 0.192524 0.223958 0.251703 0.275225 0.294103 0.308023 0.316753 0.320128 0.318037 0.310423 0.297296 0.278751 0.255002 0.226413 0.193524 0.157059 0.117910 0.077103 0.035726 -0.005145 -0.044524 -0.081580 -0.115677 -0.146383 -0.173463 -0.196847 -0.216586 -0.232815 -0.245715 -0.255477 -0.262282 -0.266286 -0.267600 
